0.020752 0.352783
0.352783 0.997925
0.997925 0.966675
0.966675 0.435425
0.435425 0.403076
0.403076 0.853027
0.853027 0.503174
0.503174 0.554932
0.554932 0.434937
0.434937 0.394775
0.394775 0.711914
0.711914 0.104004
0.104004 0.768188
0.768188 0.060791
0.060791 0.0335693
0.0335693 0.570679
0.570679 0.702637
0.702637 0.946167
0.946167 0.086792
0.086792 0.475586
0.475586 0.0859375
0.0859375 0.46106
0.46106 0.838867
0.838867 0.262451
0.262451 0.462158
0.462158 0.857544
0.857544 0.579956
0.579956 0.860352
0.860352 0.627686
0.627686 0.671875
0.671875 0.423218
0.423218 0.195557
0.195557 0.324829
0.324829 0.522705
0.522705 0.886963
0.886963 0.0802002
0.0802002 0.363525
0.363525 0.180664
0.180664 0.0716553
0.0716553 0.218262
0.218262 0.710815
0.710815 0.0853271
0.0853271 0.450684
0.450684 0.662476
0.662476 0.263428
0.263428 0.47876
0.47876 0.139893
0.139893 0.378418
0.378418 0.433838
0.433838 0.376099
0.376099 0.394409
0.394409 0.705688
0.705688 0.998047
0.998047 0.96875
0.96875 0.470703
0.470703 0.00292969
0.00292969 0.0498047
0.0498047 0.84668
0.84668 0.395264
0.395264 0.720215
0.720215 0.245117
0.245117 0.16748
0.16748 0.847412
0.847412 0.407715
0.407715 0.931885
0.931885 0.843872
0.843872 0.347534
0.347534 0.908691
0.908691 0.449585
0.449585 0.643799
0.643799 0.945801
0.945801 0.0805664
0.0805664 0.369751
0.369751 0.286499
0.286499 0.870972
0.870972 0.808228
0.808228 0.741455
0.741455 0.606201
0.606201 0.306641
0.306641 0.213501
0.213501 0.629883
0.629883 0.709229
0.709229 0.0583496
0.0583496 0.991943
0.991943 0.86499
0.86499 0.706543
0.706543 0.0126953
0.0126953 0.21582
0.21582 0.669312
0.669312 0.379639
0.379639 0.45459
0.45459 0.728882
0.728882 0.392456
0.392456 0.672485
0.672485 0.433594
0.433594 0.371948
0.371948 0.323853
0.323853 0.506104
0.506104 0.604736
0.604736 0.281738
0.281738 0.790039
0.790039 0.432251
0.432251 0.349121
0.349121 0.935669
0.935669 0.908203
0.908203 0.441284
0.441284 0.502686
0.502686 0.546631
0.546631 0.293823
0.293823 0.995483
0.995483 0.925171
0.925171 0.729736
0.729736 0.406982
0.406982 0.919434
0.919434 0.632202
0.632202 0.748657
0.748657 0.728638
0.728638 0.388306
0.388306 0.601929
0.601929 0.234009
0.234009 0.978516
0.978516 0.636719
0.636719 0.825439
0.825439 0.0341797
0.0341797 0.581055
0.581055 0.879028
0.879028 0.94519
0.94519 0.0701904
0.0701904 0.193359
0.193359 0.287476
0.287476 0.887573
0.887573 0.0905762
0.0905762 0.539917
0.539917 0.179688
0.179688 0.0550537
0.0550537 0.935913
0.935913 0.912354
0.912354 0.511841
0.511841 0.702271
0.702271 0.939941
0.939941 0.980835
0.980835 0.676147
0.676147 0.49585
0.49585 0.43042
0.43042 0.317993
0.317993 0.406494
0.406494 0.911133
0.911133 0.491089
0.491089 0.349487
0.349487 0.941895
0.941895 0.0141602
0.0141602 0.240723
0.240723 0.0927734
0.0927734 0.577271
0.577271 0.814697
0.814697 0.85144
0.85144 0.476196
0.476196 0.0963135
0.0963135 0.637451
0.637451 0.837891
0.837891 0.24585
0.24585 0.179932
0.179932 0.0592041
0.0592041 0.0065918
0.0065918 0.112061
0.112061 0.905151
0.905151 0.389404
0.389404 0.620605
0.620605 0.551514
0.551514 0.376831
0.376831 0.40686
0.40686 0.917358
0.917358 0.596924
0.596924 0.148926
0.148926 0.531982
0.531982 0.0447998
0.0447998 0.761597
0.761597 0.948608
0.948608 0.128296
0.128296 0.181274
0.181274 0.0820312
0.0820312 0.394653
0.394653 0.709839
0.709839 0.0687256
0.0687256 0.168457
0.168457 0.864014
0.864014 0.689941
0.689941 0.730347
0.730347 0.417358
0.417358 0.0959473
0.0959473 0.631226
0.631226 0.732056
0.732056 0.446411
0.446411 0.589844
0.589844 0.0285645
0.0285645 0.485596
0.485596 0.256104
0.256104 0.354248
0.354248 0.0229492
0.0229492 0.390137
0.390137 0.633057
0.633057 0.763184
0.763184 0.975586
0.975586 0.586914
0.586914 0.978638
0.978638 0.638794
0.638794 0.860718
0.860718 0.633911
0.633911 0.77771
0.77771 0.222656
0.222656 0.785522
0.785522 0.355469
0.355469 0.0437012
0.0437012 0.74292
0.74292 0.631104
0.631104 0.72998
0.72998 0.411133
0.411133 0.98999
0.98999 0.831787
0.831787 0.14209
0.14209 0.415771
0.415771 0.0689697
0.0689697 0.172607
0.172607 0.93457
0.93457 0.889526
0.889526 0.123779
0.123779 0.104492
0.104492 0.776489
0.776489 0.201904
0.201904 0.432739
0.432739 0.357422
0.357422 0.0769043
0.0769043 0.307495
0.307495 0.228027
0.228027 0.876831
0.876831 0.907837
0.907837 0.435059
0.435059 0.396851
0.396851 0.747192
0.747192 0.703735
0.703735 0.964844
0.964844 0.404297
0.404297 0.873779
0.873779 0.855957
0.855957 0.552979
0.552979 0.401733
0.401733 0.8302
0.8302 0.115112
0.115112 0.957031
0.957031 0.271484
0.271484 0.615723
0.615723 0.468506
0.468506 0.965454
0.965454 0.414673
0.414673 0.050293
0.050293 0.85498
0.85498 0.536377
0.536377 0.119507
0.119507 0.0318604
0.0318604 0.541626
0.541626 0.20874
0.20874 0.54895
0.54895 0.333252
0.333252 0.665894
0.665894 0.321533
0.321533 0.466675
0.466675 0.934326
0.934326 0.885376
0.885376 0.0532227
0.0532227 0.904785
0.904785 0.383179
0.383179 0.514771
0.514771 0.752075
0.752075 0.786743
0.786743 0.376221
0.376221 0.396484
0.396484 0.740967
0.740967 0.5979
0.5979 0.165527
0.165527 0.814209
0.814209 0.84314
0.84314 0.335083
0.335083 0.697021
0.697021 0.850708
0.850708 0.463745
0.463745 0.884521
0.884521 0.0386963
0.0386963 0.657837
0.657837 0.18457
0.18457 0.138062
0.138062 0.34729
0.34729 0.904541
0.904541 0.379028
0.379028 0.444214
0.444214 0.55249
0.55249 0.393433
0.393433 0.689087
0.689087 0.71582
0.71582 0.17041
0.17041 0.897217
0.897217 0.254517
0.254517 0.327271
0.327271 0.564209
0.564209 0.592651
0.592651 0.0762939
0.0762939 0.297119
0.297119 0.0516357
0.0516357 0.877808
0.877808 0.924438
0.924438 0.717285
0.717285 0.195312
0.195312 0.320679
0.320679 0.452148
0.452148 0.687378
0.687378 0.686768
0.686768 0.676392
0.676392 0.5
0.5 0.500977
0.500977 0.517578
0.517578 0.799805
0.799805 0.598267
0.598267 0.171753
0.171753 0.920044
0.920044 0.642578
0.642578 0.925049
0.925049 0.727661
0.727661 0.371704
0.371704 0.319702
0.319702 0.435547
0.435547 0.405151
0.405151 0.888306
0.888306 0.103027
0.103027 0.751587
0.751587 0.778442
0.778442 0.235107
0.235107 0.997192
0.997192 0.954224
0.954224 0.223755
0.223755 0.804199
0.804199 0.672974
0.672974 0.441895
0.441895 0.513062
0.513062 0.723022
0.723022 0.292847
0.292847 0.978882
0.978882 0.642944
0.642944 0.931274
0.931274 0.833496
0.833496 0.171143
0.171143 0.909668
0.909668 0.466187
0.466187 0.926025
0.926025 0.744263
0.744263 0.653931
0.653931 0.118164
0.118164 0.0090332
0.0090332 0.153564
0.153564 0.61084
0.61084 0.385498
0.385498 0.554199
0.554199 0.422485
0.422485 0.183105
0.183105 0.113159
0.113159 0.923828
0.923828 0.706909
0.706909 0.0189209
0.0189209 0.321655
0.321655 0.46875
0.46875 0.969604
0.969604 0.485229
0.485229 0.249878
0.249878 0.248413
0.248413 0.223511
0.223511 0.800049
0.800049 0.602417
0.602417 0.24231
0.24231 0.119751
0.119751 0.0360107
0.0360107 0.612183
0.612183 0.408325
0.408325 0.942261
0.942261 0.0203857
0.0203857 0.346558
0.346558 0.89209
0.89209 0.167358
0.167358 0.845337
0.845337 0.372437
0.372437 0.332153
0.332153 0.647217
0.647217 0.00402832
0.00402832 0.0684814
0.0684814 0.164307
0.164307 0.793457
0.793457 0.490356
0.490356 0.337036
0.337036 0.730225
0.730225 0.415283
0.415283 0.0606689
0.0606689 0.0314941
0.0314941 0.5354
0.5354 0.102905
0.102905 0.749512
0.749512 0.743164
0.743164 0.635254
0.635254 0.800537
0.800537 0.610718
0.610718 0.383423
0.383423 0.518921
0.518921 0.822632
0.822632 0.986328
0.986328 0.769531
0.769531 0.0836182
0.0836182 0.421631
0.421631 0.168579
0.168579 0.866089
0.866089 0.72522
0.72522 0.3302
0.3302 0.614014
0.614014 0.439453
0.439453 0.471558
0.471558 0.0174561
0.0174561 0.296753
0.296753 0.0454102
0.0454102 0.771973
0.771973 0.125122
0.125122 0.127319
0.127319 0.164673
0.164673 0.799683
0.799683 0.596191
0.596191 0.136475
0.136475 0.320312
0.320312 0.445923
0.445923 0.581543
0.581543 0.887329
0.887329 0.0864258
0.0864258 0.46936
0.46936 0.97998
0.97998 0.661621
0.661621 0.248901
0.248901 0.231812
0.231812 0.941162
0.941162 0.00170898
0.00170898 0.0290527
0.0290527 0.493896
0.493896 0.397217
0.397217 0.753418
0.753418 0.80957
0.80957 0.764282
0.764282 0.994263
0.994263 0.904419
0.904419 0.376953
0.376953 0.408936
0.408936 0.952637
0.952637 0.196777
0.196777 0.345581
0.345581 0.875488
0.875488 0.88501
0.88501 0.0469971
0.0469971 0.79895
0.79895 0.58374
0.58374 0.924683
0.924683 0.721436
0.721436 0.265869
0.265869 0.520264
0.520264 0.845459
0.845459 0.374512
0.374512 0.367432
0.367432 0.24707
0.24707 0.200684
0.200684 0.411987
0.411987 0.00463867
0.00463867 0.0788574
0.0788574 0.340698
0.340698 0.79248
0.79248 0.473755
0.473755 0.0548096
0.0548096 0.931763
0.931763 0.841797
0.841797 0.312256
0.312256 0.30896
0.30896 0.25293
0.25293 0.300293
0.300293 0.105591
0.105591 0.795166
0.795166 0.519409
0.519409 0.830933
0.830933 0.127563
0.127563 0.168823
0.168823 0.870239
0.870239 0.795776
0.795776 0.529785
0.529785 0.00744629
0.00744629 0.126587
0.126587 0.152222
0.152222 0.588013
0.588013 0.997314
0.997314 0.956299
0.956299 0.259033
0.259033 0.404053
0.404053 0.869629
0.869629 0.7854
0.7854 0.353394
0.353394 0.00842285
0.00842285 0.143188
0.143188 0.434448
0.434448 0.386475
0.386475 0.570801
0.570801 0.704712
0.704712 0.981445
0.981445 0.686523
0.686523 0.672241
0.672241 0.429443
0.429443 0.301392
0.301392 0.124268
0.124268 0.112793
0.112793 0.917603
0.917603 0.601074
0.601074 0.219482
0.219482 0.731567
0.731567 0.43811
0.43811 0.44873
0.44873 0.629272
0.629272 0.698853
0.698853 0.881836
0.881836 0.99292
0.99292 0.881592
0.881592 0.98877
0.98877 0.811035
0.811035 0.789185
0.789185 0.417725
0.417725 0.102173
0.102173 0.737061
0.737061 0.531494
0.531494 0.036499
0.036499 0.620483
0.620483 0.549438
0.549438 0.341553
0.341553 0.807007
0.807007 0.720703
0.720703 0.253418
0.253418 0.308594
0.308594 0.246704
0.246704 0.194458
0.194458 0.306152
0.306152 0.2052
0.2052 0.48877
0.48877 0.310059
0.310059 0.271606
0.271606 0.617798
0.617798 0.503784
0.503784 0.565308
0.565308 0.611328
0.611328 0.393799
0.393799 0.695312
0.695312 0.821655
0.821655 0.969727
0.969727 0.487305
0.487305 0.285156
0.285156 0.848145
0.848145 0.420166
0.420166 0.143677
0.143677 0.442749
0.442749 0.527588
0.527588 0.969971
0.969971 0.491455
0.491455 0.355713
0.355713 0.0478516
0.0478516 0.813477
0.813477 0.830688
0.830688 0.123413
0.123413 0.0982666
0.0982666 0.670654
0.670654 0.402466
0.402466 0.842651
0.842651 0.326782
0.326782 0.555908
0.555908 0.451538
0.451538 0.677002
0.677002 0.510376
0.510376 0.677368
0.677368 0.516602
0.516602 0.783203
0.783203 0.31604
0.31604 0.373291
0.373291 0.34668
0.34668 0.894165
0.894165 0.202637
0.202637 0.44519
0.44519 0.569092
0.569092 0.675659
0.675659 0.487549
0.487549 0.289307
0.289307 0.918701
0.918701 0.619751
0.619751 0.536987
0.536987 0.129883
0.129883 0.208252
0.208252 0.540649
0.540649 0.192139
0.192139 0.266724
0.266724 0.53479
0.53479 0.0925293
0.0925293 0.57312
0.57312 0.744141
0.744141 0.651855
0.651855 0.0828857
0.0828857 0.40918
0.40918 0.956787
0.956787 0.267334
0.267334 0.545166
0.545166 0.268921
0.268921 0.572144
0.572144 0.727539
0.727539 0.369629
0.369629 0.284424
0.284424 0.835693
0.835693 0.208496
0.208496 0.5448
0.5448 0.262695
0.262695 0.466309
0.466309 0.928101
0.928101 0.779541
0.779541 0.253784
0.253784 0.314819
0.314819 0.352539
0.352539 0.993774
0.993774 0.896118
0.896118 0.23584
0.23584 0.00976562
0.00976562 0.166016
0.166016 0.82251
0.82251 0.984253
0.984253 0.734253
0.734253 0.483765
0.483765 0.224976
0.224976 0.824951
0.824951 0.0258789
0.0258789 0.439941
0.439941 0.479858
0.479858 0.158569
0.158569 0.695923
0.695923 0.832031
0.832031 0.14624
0.14624 0.486328
0.486328 0.268555
0.268555 0.565918
0.565918 0.621704
0.621704 0.57019
0.57019 0.694336
0.694336 0.805054
0.805054 0.6875
0.6875 0.688843
0.688843 0.71167
0.71167 0.0998535
0.0998535 0.697632
0.697632 0.861084
0.861084 0.640137
0.640137 0.883545
0.883545 0.0220947
0.0220947 0.37561
0.37561 0.386108
0.386108 0.564575
0.564575 0.598877
0.598877 0.182129
0.182129 0.0965576
0.0965576 0.641602
0.641602 0.908447
0.908447 0.445435
0.445435 0.573242
0.573242 0.746216
0.746216 0.687134
0.687134 0.682617
0.682617 0.605835
0.605835 0.300415
0.300415 0.107666
0.107666 0.830444
0.830444 0.119263
0.119263 0.02771
0.02771 0.471069
0.471069 0.00915527
0.00915527 0.15564
0.15564 0.646118
0.646118 0.985229
0.985229 0.750854
0.750854 0.765991
0.765991 0.0234375
0.0234375 0.398438
0.398438 0.77417
0.77417 0.162476
0.162476 0.762329
0.762329 0.96106
0.96106 0.339966
0.339966 0.780029
0.780029 0.262085
0.262085 0.455933
0.455933 0.751709
0.751709 0.780518
0.780518 0.270386
0.270386 0.597046
0.597046 0.151001
0.151001 0.567261
0.567261 0.644531
0.644531 0.958252
0.958252 0.292236
0.292236 0.968506
0.968506 0.466553
0.466553 0.932251
0.932251 0.850098
0.850098 0.453369
0.453369 0.70813
0.70813 0.0396729
0.0396729 0.674438
0.674438 0.466797
0.466797 0.936401
0.936401 0.920654
0.920654 0.652954
0.652954 0.101562
0.101562 0.726685
0.726685 0.355103
0.355103 0.0374756
0.0374756 0.637085
0.637085 0.831665
0.831665 0.140015
0.140015 0.380493
0.380493 0.469116
0.469116 0.97583
0.97583 0.591064
0.591064 0.0493164
0.0493164 0.838379
0.838379 0.25415
0.25415 0.321045
0.321045 0.458374
0.458374 0.793213
0.793213 0.486206
0.486206 0.266479
0.266479 0.53064
0.53064 0.0219727
0.0219727 0.373535
0.373535 0.35083
0.35083 0.964722
0.964722 0.402222
0.402222 0.838501
0.838501 0.256226
0.256226 0.356323
0.356323 0.0582275
0.0582275 0.989868
0.989868 0.829712
0.829712 0.106812
0.106812 0.815918
0.815918 0.872192
0.872192 0.828979
0.828979 0.0943604
0.0943604 0.604248
0.604248 0.273438
0.273438 0.648926
0.648926 0.0330811
0.0330811 0.562378
0.562378 0.561523
0.561523 0.546997
0.546997 0.300049
0.300049 0.10144
0.10144 0.724609
0.724609 0.319824
0.319824 0.437622
0.437622 0.44043
0.44043 0.488159
0.488159 0.299683
0.299683 0.0952148
0.0952148 0.618774
0.618774 0.520386
0.520386 0.847534
0.847534 0.40979
0.40979 0.967163
0.967163 0.443726
0.443726 0.544189
0.544189 0.252319
0.252319 0.289917
0.289917 0.929077
0.929077 0.796143
0.796143 0.536011
0.536011 0.113281
0.113281 0.925903
0.925903 0.742188
0.742188 0.618652
0.618652 0.518311
0.518311 0.812256
0.812256 0.809937
0.809937 0.770508
0.770508 0.10022
0.10022 0.703857
0.703857 0.966919
0.966919 0.439575
0.439575 0.473633
0.473633 0.0527344
0.0527344 0.896484
0.896484 0.242065
0.242065 0.115601
0.115601 0.965332
0.965332 0.412598
0.412598 0.0150146
0.0150146 0.255249
0.255249 0.339722
0.339722 0.775879
0.775879 0.191528
0.191528 0.256348
0.256348 0.358398
0.358398 0.0935059
0.0935059 0.589722
0.589722 0.0264893
0.0264893 0.450317
0.450317 0.65625
0.65625 0.157593
0.157593 0.679321
0.679321 0.549805
0.549805 0.347778
0.347778 0.912842
0.912842 0.520142
0.520142 0.843384
0.843384 0.339233
0.339233 0.767578
0.767578 0.050415
0.050415 0.857056
0.857056 0.571655
0.571655 0.719238
0.719238 0.228516
0.228516 0.885132
0.885132 0.0490723
0.0490723 0.834229
0.834229 0.183594
0.183594 0.12146
0.12146 0.0650635
0.0650635 0.106201
0.106201 0.805542
0.805542 0.695801
0.695801 0.829956
0.829956 0.110962
0.110962 0.886475
0.886475 0.0718994
0.0718994 0.222412
0.222412 0.781372
0.781372 0.284912
0.284912 0.843994
0.843994 0.349609
0.349609 0.94397
0.94397 0.0494385
0.0494385 0.840454
0.840454 0.289429
0.289429 0.920776
0.920776 0.655029
0.655029 0.136841
0.136841 0.326538
0.326538 0.551758
0.551758 0.380981
0.380981 0.477417
0.477417 0.117065
0.117065 0.990234
0.990234 0.835938
0.835938 0.212646
0.212646 0.615356
0.615356 0.46228
0.46228 0.859619
0.859619 0.615234
0.615234 0.460205
0.460205 0.824341
0.824341 0.0155029
0.0155029 0.26355
0.26355 0.480835
0.480835 0.175171
0.175171 0.978149
0.978149 0.630493
0.630493 0.719604
0.719604 0.234741
0.234741 0.990967
0.990967 0.848389
0.848389 0.424316
0.424316 0.214233
0.214233 0.642334
0.642334 0.920898
0.920898 0.657104
0.657104 0.172119
0.172119 0.92627
0.92627 0.748413
0.748413 0.724487
0.724487 0.317749
0.317749 0.402344
0.402344 0.840576
0.840576 0.291504
0.291504 0.956055
0.956055 0.254883
0.254883 0.333496
0.333496 0.670044
0.670044 0.39209
0.39209 0.66626
0.66626 0.327759
0.327759 0.57251
0.57251 0.733765
0.733765 0.475464
0.475464 0.0838623
0.0838623 0.425781
0.425781 0.239136
0.239136 0.0657959
0.0657959 0.118652
0.118652 0.017334
0.017334 0.294678
0.294678 0.0101318
0.0101318 0.172241
0.172241 0.928345
0.928345 0.783691
0.783691 0.324341
0.324341 0.514404
0.514404 0.74585
0.74585 0.680908
0.680908 0.576782
0.576782 0.806396
0.806396 0.710327
0.710327 0.0770264
0.0770264 0.30957
0.30957 0.263306
0.263306 0.476685
0.476685 0.104614
0.104614 0.778564
0.778564 0.237183
0.237183 0.0325928
0.0325928 0.554077
0.554077 0.42041
0.42041 0.147827
0.147827 0.513306
0.513306 0.727173
0.727173 0.363403
0.363403 0.178589
0.178589 0.036377
0.036377 0.618408
0.618408 0.51416
0.51416 0.741699
0.741699 0.610352
0.610352 0.377197
0.377197 0.413086
0.413086 0.0233154
0.0233154 0.396362
0.396362 0.738892
0.738892 0.562622
0.562622 0.565674
0.565674 0.617554
0.617554 0.499634
0.499634 0.494751
0.494751 0.411743
0.411743 0.000488281
0.000488281 0.00830078
0.00830078 0.141113
0.141113 0.39917
0.39917 0.786621
0.786621 0.374146
0.374146 0.361206
0.361206 0.141235
0.141235 0.401245
0.401245 0.821899
0.821899 0.973877
0.973877 0.557861
0.557861 0.484741
0.484741 0.241577
0.241577 0.1073
0.1073 0.824219
0.824219 0.0134277
0.0134277 0.228271
0.228271 0.880981
0.880981 0.978394
0.978394 0.634644
0.634644 0.790161
0.790161 0.434326
0.434326 0.384399
0.384399 0.535522
0.535522 0.10498
0.10498 0.78479
0.78479 0.343018
0.343018 0.831909
0.831909 0.144165
0.144165 0.45105
0.45105 0.668701
0.668701 0.369263
0.369263 0.278198
0.278198 0.729858
0.729858 0.409058
0.409058 0.954712
0.954712 0.232056
0.232056 0.945312
0.945312 0.0722656
0.0722656 0.228638
0.228638 0.887207
0.887207 0.0843506
0.0843506 0.434082
0.434082 0.380249
0.380249 0.464966
0.464966 0.905273
0.905273 0.391479
0.391479 0.655884
0.655884 0.151367
0.151367 0.573486
0.573486 0.750366
0.750366 0.75769
0.75769 0.882202
0.882202 0.999146
0.999146 0.987427
0.987427 0.788208
0.788208 0.401123
0.401123 0.819824
0.819824 0.938599
0.938599 0.958008
0.958008 0.288086
0.288086 0.897949
0.897949 0.266968
0.266968 0.53894
0.53894 0.163086
0.163086 0.772705
0.772705 0.137573
0.137573 0.338989
0.338989 0.763428
0.763428 0.979736
0.979736 0.657471
0.657471 0.178345
0.178345 0.0322266
0.0322266 0.547852
0.547852 0.314575
0.314575 0.348389
0.348389 0.923218
0.923218 0.696533
0.696533 0.842407
0.842407 0.322632
0.322632 0.485352
0.485352 0.251953
0.251953 0.283691
0.283691 0.823242
0.823242 0.996704
0.996704 0.945923
0.945923 0.0826416
0.0826416 0.405029
0.405029 0.88623
0.88623 0.067749
0.067749 0.151855
0.151855 0.581787
0.581787 0.891479
0.891479 0.156982
0.156982 0.668945
0.668945 0.373413
0.373413 0.348755
0.348755 0.929443
0.929443 0.802368
0.802368 0.641846
0.641846 0.912598
0.912598 0.515991
0.515991 0.772827
0.772827 0.139648
0.139648 0.374268
0.374268 0.363281
0.363281 0.176514
0.176514 0.00109863
0.00109863 0.0186768
0.0186768 0.317505
0.317505 0.398193
0.398193 0.77002
0.77002 0.0919189
0.0919189 0.562744
0.562744 0.567749
0.567749 0.652832
0.652832 0.0994873
0.0994873 0.691406
0.691406 0.755249
0.755249 0.840698
0.840698 0.293579
0.293579 0.991333
0.991333 0.854614
0.854614 0.530151
0.530151 0.0136719
0.0136719 0.232422
0.232422 0.951538
0.951538 0.178101
0.178101 0.0280762
0.0280762 0.477295
0.477295 0.11499
0.11499 0.954956
0.954956 0.236206
0.236206 0.0159912
0.0159912 0.271851
0.271851 0.621948
0.621948 0.574341
0.574341 0.764893
0.764893 0.00476074
0.00476074 0.0809326
0.0809326 0.375977
0.375977 0.392334
0.392334 0.67041
0.67041 0.398315
0.398315 0.772095
0.772095 0.127197
0.127197 0.162598
0.162598 0.764404
0.764404 0.996338
0.996338 0.939697
0.939697 0.976685
0.976685 0.605591
0.605591 0.296265
0.296265 0.0371094
0.0371094 0.630859
0.630859 0.72583
0.72583 0.340576
0.340576 0.790405
0.790405 0.438477
0.438477 0.454956
0.454956 0.735107
0.735107 0.498291
0.498291 0.471924
0.471924 0.0236816
0.0236816 0.402588
0.402588 0.844727
0.844727 0.362061
0.362061 0.155762
0.155762 0.648193
0.648193 0.0206299
0.0206299 0.350708
0.350708 0.962646
0.962646 0.366943
0.366943 0.23877
0.23877 0.0595703
0.0595703 0.0128174
0.0128174 0.217896
0.217896 0.70459
0.70459 0.97937
0.97937 0.651245
0.651245 0.0725098
0.0725098 0.232788
0.232788 0.957764
0.957764 0.283936
0.283936 0.827393
0.827393 0.0673828
0.0673828 0.14563
0.14563 0.475952
0.475952 0.0921631
0.0921631 0.566895
0.566895 0.638306
0.638306 0.852417
0.852417 0.492798
0.492798 0.37854
0.37854 0.435913
0.435913 0.411377
0.411377 0.994141
0.994141 0.902344
0.902344 0.341675
0.341675 0.809082
0.809082 0.755981
0.755981 0.853149
0.853149 0.505249
0.505249 0.59021
0.59021 0.03479
0.03479 0.591431
0.591431 0.055542
0.055542 0.944214
0.944214 0.0535889
0.0535889 0.911011
0.911011 0.489014
0.489014 0.314209
0.314209 0.342163
0.342163 0.817383
0.817383 0.897095
0.897095 0.252441
0.252441 0.291992
0.291992 0.964355
0.964355 0.395996
0.395996 0.732666
0.732666 0.456787
0.456787 0.766235
0.766235 0.0275879
0.0275879 0.468994
0.468994 0.973755
0.973755 0.555786
0.555786 0.449463
0.449463 0.641724
0.641724 0.910522
0.910522 0.480713
0.480713 0.173096
0.173096 0.942871
0.942871 0.0307617
0.0307617 0.522949
0.522949 0.891113
0.891113 0.150757
0.150757 0.56311
0.56311 0.573975
0.573975 0.758667
0.758667 0.898804
0.898804 0.281494
0.281494 0.785889
0.785889 0.361694
0.361694 0.149536
0.149536 0.542358
0.542358 0.221191
0.221191 0.76062
0.76062 0.932007
0.932007 0.845947
0.845947 0.382812
0.382812 0.508545
0.508545 0.64624
0.64624 0.987305
0.987305 0.786133
0.786133 0.365845
0.365845 0.220093
0.220093 0.741943
0.741943 0.614502
0.614502 0.447754
0.447754 0.612671
0.612671 0.416626
0.416626 0.0834961
0.0834961 0.419556
0.419556 0.133301
0.133301 0.266357
0.266357 0.528564
0.528564 0.986572
0.986572 0.773682
0.773682 0.154175
0.154175 0.621216
0.621216 0.56189
0.56189 0.553223
0.553223 0.405884
0.405884 0.900757
0.900757 0.314697
0.314697 0.350464
0.350464 0.958496
0.958496 0.296387
0.296387 0.0391846
0.0391846 0.666138
0.666138 0.325684
0.325684 0.537231
0.537231 0.134033
0.134033 0.278809
0.278809 0.740234
0.740234 0.585449
0.585449 0.953735
0.953735 0.215454
0.215454 0.663086
0.663086 0.273804
0.273804 0.655151
0.655151 0.138916
0.138916 0.361816
0.361816 0.151611
0.151611 0.577637
0.577637 0.820923
0.820923 0.957275
0.957275 0.275635
0.275635 0.686279
0.686279 0.668091
0.668091 0.358887
0.358887 0.101807
0.101807 0.730835
0.730835 0.425659
0.425659 0.237061
0.237061 0.0305176
0.0305176 0.518799
0.518799 0.820557
0.820557 0.95105
0.95105 0.1698
0.1698 0.886841
0.886841 0.078125
0.078125 0.328247
0.328247 0.580811
0.580811 0.874878
0.874878 0.874634
0.874634 0.870483
0.870483 0.799927
0.799927 0.600342
0.600342 0.207031
0.207031 0.519897
0.519897 0.839233
0.839233 0.268677
0.268677 0.567993
0.567993 0.656982
0.656982 0.170044
0.170044 0.890991
0.890991 0.148682
0.148682 0.527832
0.527832 0.974121
0.974121 0.562012
0.562012 0.555298
0.555298 0.441162
0.441162 0.50061
0.50061 0.511353
0.511353 0.69397
0.69397 0.798828
0.798828 0.581665
0.581665 0.889404
0.889404 0.121704
0.121704 0.0692139
0.0692139 0.176758
0.176758 0.00524902
0.00524902 0.0892334
0.0892334 0.51709
0.51709 0.791504
0.791504 0.457153
0.457153 0.772461
0.772461 0.133423
0.133423 0.268433
0.268433 0.563843
0.563843 0.586426
0.586426 0.970337
0.970337 0.497681
0.497681 0.461548
0.461548 0.847168
0.847168 0.403564
0.403564 0.861328
0.861328 0.644287
0.644287 0.954102
0.954102 0.22168
0.22168 0.768921
0.768921 0.0732422
0.0732422 0.245239
0.245239 0.169556
0.169556 0.88269
0.88269 0.00756836
0.00756836 0.128662
0.128662 0.1875
0.1875 0.187866
0.187866 0.194092
0.194092 0.299927
0.299927 0.0993652
0.0993652 0.689331
0.689331 0.719971
0.719971 0.240967
0.240967 0.0969238
0.0969238 0.647827
0.647827 0.0144043
0.0144043 0.244873
0.244873 0.16333
0.16333 0.776855
0.776855 0.20813
0.20813 0.538574
0.538574 0.15686
0.15686 0.66687
0.66687 0.338135
0.338135 0.748901
0.748901 0.732788
0.732788 0.458862
0.458862 0.801514
0.801514 0.627319
0.627319 0.665649
0.665649 0.317383
0.317383 0.396118
0.396118 0.734741
0.734741 0.492065
0.492065 0.366089
0.366089 0.224243
0.224243 0.8125
0.8125 0.814087
0.814087 0.841064
0.841064 0.299805
0.299805 0.09729
0.09729 0.654053
0.654053 0.120239
0.120239 0.0443115
0.0443115 0.753296
0.753296 0.807495
0.807495 0.729004
0.729004 0.394531
0.394531 0.707764
0.707764 0.0334473
0.0334473 0.568604
0.568604 0.667358
0.667358 0.346436
0.346436 0.890015
0.890015 0.13208
0.13208 0.245605
0.245605 0.175781
0.175781 0.988525
0.988525 0.806885
0.806885 0.718628
0.718628 0.21814
0.21814 0.70874
0.70874 0.0500488
0.0500488 0.85083
0.85083 0.46582
0.46582 0.9198
0.9198 0.638428
0.638428 0.854492
0.854492 0.528076
0.528076 0.978271
0.978271 0.632568
0.632568 0.754883
0.754883 0.834473
0.834473 0.187744
0.187744 0.192017
0.192017 0.264648
0.264648 0.499512
0.499512 0.492676
0.492676 0.376465
0.376465 0.400635
0.400635 0.811523
0.811523 0.797485
0.797485 0.558838
0.558838 0.501343
0.501343 0.523804
0.523804 0.90564
0.90564 0.397705
0.397705 0.761719
0.761719 0.950684
0.950684 0.163574
0.163574 0.781006
0.781006 0.278687
0.278687 0.738159
0.738159 0.550171
0.550171 0.354004
0.354004 0.0187988
0.0187988 0.31958
0.31958 0.433472
0.433472 0.369873
0.369873 0.288574
0.288574 0.90625
0.90625 0.408081
0.408081 0.93811
0.93811 0.949707
0.949707 0.146973
0.146973 0.498779
0.498779 0.480225
0.480225 0.164795
0.164795 0.801758
0.801758 0.63147
0.63147 0.736206
0.736206 0.516968
0.516968 0.789429
0.789429 0.421875
0.421875 0.172729
0.172729 0.936646
0.936646 0.924805
0.924805 0.723511
0.723511 0.301147
0.301147 0.120117
0.120117 0.0422363
0.0422363 0.718018
0.718018 0.207764
0.207764 0.532349
0.532349 0.0510254
0.0510254 0.867432
0.867432 0.748047
0.748047 0.718262
0.718262 0.211914
0.211914 0.602905
0.602905 0.25061
0.25061 0.260864
0.260864 0.435181
0.435181 0.398926
0.398926 0.782471
0.782471 0.303589
0.303589 0.161621
0.161621 0.747803
0.747803 0.714111
0.714111 0.141357
0.141357 0.40332
0.40332 0.857178
0.857178 0.57373
0.57373 0.754517
0.754517 0.828247
0.828247 0.0819092
0.0819092 0.392578
0.392578 0.674561
0.674561 0.468872
0.468872 0.97168
0.97168 0.520508
0.520508 0.849609
0.849609 0.445068
0.445068 0.567017
0.567017 0.640381
0.640381 0.887695
0.887695 0.0926514
0.0926514 0.575195
0.575195 0.779419
0.779419 0.251709
0.251709 0.279541
0.279541 0.752686
0.752686 0.797119
0.797119 0.552612
0.552612 0.395508
0.395508 0.724365
0.724365 0.315674
0.315674 0.367065
0.367065 0.240845
0.240845 0.0948486
0.0948486 0.612549
0.612549 0.414551
0.414551 0.0482178
0.0482178 0.819702
0.819702 0.936523
0.936523 0.922729
0.922729 0.688232
0.688232 0.701294
0.701294 0.92334
0.92334 0.698608
0.698608 0.877686
0.877686 0.922363
0.922363 0.682007
0.682007 0.595459
0.595459 0.124023
0.124023 0.108643
0.108643 0.847046
0.847046 0.401489
0.401489 0.82605
0.82605 0.0445557
0.0445557 0.757446
0.757446 0.878052
0.878052 0.928589
0.928589 0.787842
0.787842 0.394897
0.394897 0.713989
0.713989 0.139282
0.139282 0.368042
0.368042 0.257446
0.257446 0.377075
0.377075 0.411011
0.411011 0.987915
0.987915 0.796509
0.796509 0.542236
0.542236 0.219116
0.219116 0.725342
0.725342 0.332275
0.332275 0.649292
0.649292 0.0393066
0.0393066 0.668213
0.668213 0.360962
0.360962 0.137085
0.137085 0.330688
0.330688 0.622314
0.622314 0.580566
0.580566 0.870728
0.870728 0.804077
0.804077 0.670898
0.670898 0.406616
0.406616 0.913208
0.913208 0.526367
0.526367 0.949219
0.949219 0.138672
0.138672 0.357666
0.357666 0.0810547
0.0810547 0.378052
0.378052 0.427612
0.427612 0.270264
0.270264 0.594971
0.594971 0.115723
0.115723 0.967407
0.967407 0.447876
0.447876 0.614746
0.614746 0.451904
0.451904 0.683228
0.683228 0.616211
0.616211 0.476807
0.476807 0.106689
0.106689 0.813843
0.813843 0.836914
0.836914 0.229248
0.229248 0.897583
0.897583 0.260742
0.260742 0.433105
0.433105 0.363647
0.363647 0.182739
0.182739 0.106934
0.106934 0.817993
0.817993 0.907471
0.907471 0.428833
0.428833 0.291016
0.291016 0.947754
0.947754 0.11377
0.11377 0.934204
0.934204 0.883301
0.883301 0.0179443
0.0179443 0.305054
0.305054 0.186523
0.186523 0.171265
0.171265 0.911743
0.911743 0.501465
0.501465 0.525879
0.525879 0.940918
0.940918 0.997437
0.997437 0.958374
0.958374 0.294312
0.294312 0.00390625
0.00390625 0.0664062
0.0664062 0.129028
0.129028 0.193726
0.193726 0.293701
0.293701 0.993408
0.993408 0.889893
0.889893 0.130005
0.130005 0.210327
0.210327 0.575928
0.575928 0.79187
0.79187 0.463379
0.463379 0.878296
0.878296 0.932739
0.932739 0.858398
0.858398 0.594482
0.594482 0.107422
0.107422 0.826294
0.826294 0.0487061
0.0487061 0.828003
0.828003 0.0777588
0.0777588 0.322021
0.322021 0.474976
0.474976 0.0755615
0.0755615 0.284668
0.284668 0.839844
0.839844 0.279053
0.279053 0.744385
0.744385 0.656006
0.656006 0.153442
0.153442 0.608765
0.608765 0.35022
0.35022 0.954346
0.954346 0.22583
0.22583 0.839478
0.839478 0.272827
0.272827 0.63855
0.63855 0.856567
0.856567 0.563354
0.563354 0.578125
0.578125 0.829224
0.829224 0.0985107
0.0985107 0.674805
0.674805 0.473022
0.473022 0.0423584
0.0423584 0.720093
0.720093 0.243042
0.243042 0.132202
0.132202 0.247681
0.247681 0.21106
0.21106 0.588379
0.588379 0.00366211
0.00366211 0.0622559
0.0622559 0.0584717
0.0584717 0.994019
0.994019 0.900269
0.900269 0.306396
0.306396 0.209351
0.209351 0.559326
0.559326 0.509644
0.509644 0.664917
0.664917 0.304932
0.304932 0.184448
0.184448 0.135986
0.135986 0.312012
0.312012 0.30481
0.30481 0.182373
0.182373 0.100708
0.100708 0.712158
0.712158 0.108154
0.108154 0.838745
0.838745 0.260376
0.260376 0.42688
0.42688 0.257812
0.257812 0.383301
0.383301 0.516846
0.516846 0.787354
0.787354 0.386597
0.386597 0.572876
0.572876 0.73999
0.73999 0.581299
0.581299 0.883179
0.883179 0.0158691
0.0158691 0.269775
0.269775 0.58667
0.58667 0.974487
0.974487 0.568237
0.568237 0.661133
0.661133 0.240601
0.240601 0.0906982
0.0906982 0.541992
0.541992 0.214966
0.214966 0.654785
0.654785 0.13269
0.13269 0.255981
0.255981 0.352173
0.352173 0.987549
0.987549 0.790283
0.790283 0.436401
0.436401 0.419678
0.419678 0.135376
0.135376 0.301636
0.301636 0.128418
0.128418 0.18335
0.18335 0.11731
0.11731 0.994385
0.994385 0.906494
0.906494 0.412231
0.412231 0.00878906
0.00878906 0.149414
0.149414 0.540283
0.540283 0.185913
0.185913 0.160889
0.160889 0.735352
0.735352 0.502441
0.502441 0.54248
0.54248 0.223267
0.223267 0.795898
0.795898 0.53186
0.53186 0.0427246
0.0427246 0.726318
0.726318 0.348877
0.348877 0.931519
0.931519 0.837646
0.837646 0.241699
0.241699 0.109375
0.109375 0.859497
0.859497 0.613159
0.613159 0.424927
0.424927 0.224609
0.224609 0.818726
0.818726 0.919922
0.919922 0.640503
0.640503 0.889771
0.889771 0.12793
0.12793 0.175049
0.175049 0.976074
0.976074 0.595215
0.595215 0.119873
0.119873 0.0380859
0.0380859 0.647461
0.647461 0.00817871
0.00817871 0.139038
0.139038 0.363892
0.363892 0.18689
0.18689 0.17749
0.17749 0.0177002
0.0177002 0.300903
0.300903 0.115967
0.115967 0.971558
0.971558 0.518433
0.518433 0.814331
0.814331 0.845215
0.845215 0.370361
0.370361 0.296875
0.296875 0.0474854
0.0474854 0.807251
0.807251 0.724854
0.724854 0.323975
0.323975 0.508179
0.508179 0.640015
0.640015 0.88147
0.88147 0.986694
0.986694 0.775757
0.775757 0.189453
0.189453 0.221069
0.221069 0.758545
0.758545 0.896729
0.896729 0.246216
0.246216 0.186157
0.186157 0.165039
0.165039 0.805908
0.805908 0.702026
0.702026 0.935791
0.935791 0.910278
0.910278 0.476562
0.476562 0.102539
0.102539 0.743286
0.743286 0.637329
0.637329 0.835815
0.835815 0.210571
0.210571 0.580078
0.580078 0.862427
0.862427 0.662964
0.662964 0.271729
0.271729 0.619873
0.619873 0.539062
0.539062 0.165161
0.165161 0.807983
0.807983 0.737305
0.737305 0.535645
0.535645 0.107056
0.107056 0.820068
0.820068 0.942749
0.942749 0.0286865
0.0286865 0.487671
0.487671 0.291382
0.291382 0.953979
0.953979 0.219604
0.219604 0.733643
0.733643 0.473389
0.473389 0.048584
0.048584 0.825928
0.825928 0.0424805
0.0424805 0.722168
0.722168 0.27832
0.27832 0.731934
0.731934 0.444336
0.444336 0.554565
0.554565 0.428711
0.428711 0.28894
0.28894 0.912476
0.912476 0.513916
0.513916 0.737549
0.737549 0.539795
0.539795 0.177612
0.177612 0.0197754
0.0197754 0.336182
0.336182 0.715698
0.715698 0.168335
0.168335 0.861938
0.861938 0.654663
0.654663 0.130615
0.130615 0.220703
0.220703 0.752319
0.752319 0.790894
0.790894 0.446777
0.446777 0.596069
0.596069 0.134399
0.134399 0.285034
0.285034 0.846069
0.846069 0.384888
0.384888 0.543823
0.543823 0.246094
0.246094 0.184082
0.184082 0.129761
0.129761 0.206177
0.206177 0.505371
0.505371 0.592285
0.592285 0.0700684
0.0700684 0.191284
0.191284 0.252197
0.252197 0.287842
0.287842 0.893799
0.893799 0.196411
0.196411 0.339355
0.339355 0.769653
0.769653 0.0856934
0.0856934 0.456909
0.456909 0.768311
0.768311 0.0628662
0.0628662 0.0688477
0.0688477 0.170532
0.170532 0.899292
0.899292 0.289795
0.289795 0.927002
0.927002 0.760864
0.760864 0.936157
0.936157 0.916504
0.916504 0.582397
0.582397 0.901855
0.901855 0.333374
0.333374 0.667969
0.667969 0.356812
0.356812 0.0665283
0.0665283 0.131104
0.131104 0.229004
0.229004 0.893433
0.893433 0.190186
0.190186 0.233521
0.233521 0.970215
0.970215 0.495605
0.495605 0.42627
0.42627 0.247437
0.247437 0.206909
0.206909 0.517822
0.517822 0.803955
0.803955 0.668823
0.668823 0.371338
0.371338 0.313477
0.313477 0.329712
0.329712 0.605713
0.605713 0.29834
0.29834 0.0723877
0.0723877 0.230713
0.230713 0.922485
0.922485 0.684082
0.684082 0.630737
0.630737 0.723755
0.723755 0.305298
0.305298 0.190674
0.190674 0.241821
0.241821 0.11145
0.11145 0.894775
0.894775 0.213013
0.213013 0.621582
0.621582 0.568115
0.568115 0.659058
0.659058 0.205322
0.205322 0.490845
0.490845 0.345337
0.345337 0.871338
0.871338 0.814453
0.814453 0.84729
0.84729 0.40564
0.40564 0.896606
0.896606 0.244141
0.244141 0.150879
0.150879 0.565186
0.565186 0.609253
0.609253 0.358521
0.358521 0.0955811
0.0955811 0.625
0.625 0.626221
0.626221 0.646973
0.646973 0.999756
0.999756 0.997803
0.997803 0.9646
0.9646 0.400146
0.400146 0.803223
0.803223 0.656372
0.656372 0.159668
0.159668 0.7146
0.7146 0.149658
0.149658 0.544434
0.544434 0.25647
0.25647 0.360474
0.360474 0.128784
0.128784 0.189575
0.189575 0.223145
0.223145 0.793823
0.793823 0.496582
0.496582 0.442871
0.442871 0.529663
0.529663 0.00537109
0.00537109 0.0913086
0.0913086 0.552368
0.552368 0.391357
0.391357 0.653809
0.653809 0.116089
0.116089 0.973633
0.973633 0.553711
0.553711 0.414185
0.414185 0.0419922
0.0419922 0.713867
0.713867 0.137207
0.137207 0.332764
0.332764 0.657593
0.657593 0.18042
0.18042 0.0675049
0.0675049 0.147705
0.147705 0.51123
0.51123 0.691895
0.691895 0.76355
0.76355 0.981812
0.981812 0.692749
0.692749 0.778076
0.778076 0.228882
0.228882 0.891357
0.891357 0.154907
0.154907 0.633667
0.633667 0.77356
0.77356 0.1521
0.1521 0.585938
0.585938 0.962036
0.962036 0.356567
0.356567 0.0623779
0.0623779 0.0605469
0.0605469 0.0294189
0.0294189 0.500122
0.500122 0.503052
0.503052 0.552856
0.552856 0.399658
0.399658 0.794922
0.794922 0.515259
0.515259 0.760376
0.760376 0.927856
0.927856 0.775391
0.775391 0.183228
0.183228 0.115234
0.115234 0.959106
0.959106 0.306763
0.306763 0.215576
0.215576 0.665161
0.665161 0.309082
0.309082 0.255005
0.255005 0.335571
0.335571 0.705322
0.705322 0.991821
0.991821 0.862915
0.862915 0.671265
0.671265 0.412842
0.412842 0.019165
0.019165 0.325806
0.325806 0.539307
0.539307 0.169312
0.169312 0.87854
0.87854 0.93689
0.93689 0.928955
0.928955 0.794067
0.794067 0.500732
0.500732 0.513428
0.513428 0.729248
0.729248 0.398682
0.398682 0.77832
0.77832 0.233032
0.233032 0.961914
0.961914 0.354492
0.354492 0.0270996
0.0270996 0.460693
0.460693 0.832642
0.832642 0.156616
0.156616 0.66272
0.66272 0.267578
0.267578 0.549316
0.549316 0.339478
0.339478 0.771729
0.771729 0.120972
0.120972 0.0567627
0.0567627 0.964966
0.964966 0.406372
