0.020752 0.966675
0.352783 0.435425
0.997925 0.403076
0.966675 0.853027
0.435425 0.503174
0.403076 0.554932
0.853027 0.434937
0.503174 0.394775
0.554932 0.711914
0.434937 0.104004
0.394775 0.768188
0.711914 0.060791
0.104004 0.0335693
0.768188 0.570679
0.060791 0.702637
0.0335693 0.946167
0.570679 0.086792
0.702637 0.475586
0.946167 0.0859375
0.086792 0.46106
0.475586 0.838867
0.0859375 0.262451
0.46106 0.462158
0.838867 0.857544
0.262451 0.579956
0.462158 0.860352
0.857544 0.627686
0.579956 0.671875
0.860352 0.423218
0.627686 0.195557
0.671875 0.324829
0.423218 0.522705
0.195557 0.886963
0.324829 0.0802002
0.522705 0.363525
0.886963 0.180664
0.0802002 0.0716553
0.363525 0.218262
0.180664 0.710815
0.0716553 0.0853271
0.218262 0.450684
0.710815 0.662476
0.0853271 0.263428
0.450684 0.47876
0.662476 0.139893
0.263428 0.378418
0.47876 0.433838
0.139893 0.376099
0.378418 0.394409
0.433838 0.705688
0.376099 0.998047
0.394409 0.96875
0.705688 0.470703
0.998047 0.00292969
0.96875 0.0498047
0.470703 0.84668
0.00292969 0.395264
0.0498047 0.720215
0.84668 0.245117
0.395264 0.16748
0.720215 0.847412
0.245117 0.407715
0.16748 0.931885
0.847412 0.843872
0.407715 0.347534
0.931885 0.908691
0.843872 0.449585
0.347534 0.643799
0.908691 0.945801
0.449585 0.0805664
0.643799 0.369751
0.945801 0.286499
0.0805664 0.870972
0.369751 0.808228
0.286499 0.741455
0.870972 0.606201
0.808228 0.306641
0.741455 0.213501
0.606201 0.629883
0.306641 0.709229
0.213501 0.0583496
0.629883 0.991943
0.709229 0.86499
0.0583496 0.706543
0.991943 0.0126953
0.86499 0.21582
0.706543 0.669312
0.0126953 0.379639
0.21582 0.45459
0.669312 0.728882
0.379639 0.392456
0.45459 0.672485
0.728882 0.433594
0.392456 0.371948
0.672485 0.323853
0.433594 0.506104
0.371948 0.604736
0.323853 0.281738
0.506104 0.790039
0.604736 0.432251
0.281738 0.349121
0.790039 0.935669
0.432251 0.908203
0.349121 0.441284
0.935669 0.502686
0.908203 0.546631
0.441284 0.293823
0.502686 0.995483
0.546631 0.925171
0.293823 0.729736
0.995483 0.406982
0.925171 0.919434
0.729736 0.632202
0.406982 0.748657
0.919434 0.728638
0.632202 0.388306
0.748657 0.601929
0.728638 0.234009
0.388306 0.978516
0.601929 0.636719
0.234009 0.825439
0.978516 0.0341797
0.636719 0.581055
0.825439 0.879028
0.0341797 0.94519
0.581055 0.0701904
0.879028 0.193359
0.94519 0.287476
0.0701904 0.887573
0.193359 0.0905762
0.287476 0.539917
0.887573 0.179688
0.0905762 0.0550537
0.539917 0.935913
0.179688 0.912354
0.0550537 0.511841
0.935913 0.702271
0.912354 0.939941
0.511841 0.980835
0.702271 0.676147
0.939941 0.49585
0.980835 0.43042
0.676147 0.317993
0.49585 0.406494
0.43042 0.911133
0.317993 0.491089
0.406494 0.349487
0.911133 0.941895
0.491089 0.0141602
0.349487 0.240723
0.941895 0.0927734
0.0141602 0.577271
0.240723 0.814697
0.0927734 0.85144
0.577271 0.476196
0.814697 0.0963135
0.85144 0.637451
0.476196 0.837891
0.0963135 0.24585
0.637451 0.179932
0.837891 0.0592041
0.24585 0.0065918
0.179932 0.112061
0.0592041 0.905151
0.0065918 0.389404
0.112061 0.620605
0.905151 0.551514
0.389404 0.376831
0.620605 0.40686
0.551514 0.917358
0.376831 0.596924
0.40686 0.148926
0.917358 0.531982
0.596924 0.0447998
0.148926 0.761597
0.531982 0.948608
0.0447998 0.128296
0.761597 0.181274
0.948608 0.0820312
0.128296 0.394653
0.181274 0.709839
0.0820312 0.0687256
0.394653 0.168457
0.709839 0.864014
0.0687256 0.689941
0.168457 0.730347
0.864014 0.417358
0.689941 0.0959473
0.730347 0.631226
0.417358 0.732056
0.0959473 0.446411
0.631226 0.589844
0.732056 0.0285645
0.446411 0.485596
0.589844 0.256104
0.0285645 0.354248
0.485596 0.0229492
0.256104 0.390137
0.354248 0.633057
0.0229492 0.763184
0.390137 0.975586
0.633057 0.586914
0.763184 0.978638
0.975586 0.638794
0.586914 0.860718
0.978638 0.633911
0.638794 0.77771
0.860718 0.222656
0.633911 0.785522
0.77771 0.355469
0.222656 0.0437012
0.785522 0.74292
0.355469 0.631104
0.0437012 0.72998
0.74292 0.411133
0.631104 0.98999
0.72998 0.831787
0.411133 0.14209
0.98999 0.415771
0.831787 0.0689697
0.14209 0.172607
0.415771 0.93457
0.0689697 0.889526
0.172607 0.123779
0.93457 0.104492
0.889526 0.776489
0.123779 0.201904
0.104492 0.432739
0.776489 0.357422
0.201904 0.0769043
0.432739 0.307495
0.357422 0.228027
0.0769043 0.876831
0.307495 0.907837
0.228027 0.435059
0.876831 0.396851
0.907837 0.747192
0.435059 0.703735
0.396851 0.964844
0.747192 0.404297
0.703735 0.873779
0.964844 0.855957
0.404297 0.552979
0.873779 0.401733
0.855957 0.8302
0.552979 0.115112
0.401733 0.957031
0.8302 0.271484
0.115112 0.615723
0.957031 0.468506
0.271484 0.965454
0.615723 0.414673
0.468506 0.050293
0.965454 0.85498
0.414673 0.536377
0.050293 0.119507
0.85498 0.0318604
0.536377 0.541626
0.119507 0.20874
0.0318604 0.54895
0.541626 0.333252
0.20874 0.665894
0.54895 0.321533
0.333252 0.466675
0.665894 0.934326
0.321533 0.885376
0.466675 0.0532227
0.934326 0.904785
0.885376 0.383179
0.0532227 0.514771
0.904785 0.752075
0.383179 0.786743
0.514771 0.376221
0.752075 0.396484
0.786743 0.740967
0.376221 0.5979
0.396484 0.165527
0.740967 0.814209
0.5979 0.84314
0.165527 0.335083
0.814209 0.697021
0.84314 0.850708
0.335083 0.463745
0.697021 0.884521
0.850708 0.0386963
0.463745 0.657837
0.884521 0.18457
0.0386963 0.138062
0.657837 0.34729
0.18457 0.904541
0.138062 0.379028
0.34729 0.444214
0.904541 0.55249
0.379028 0.393433
0.444214 0.689087
0.55249 0.71582
0.393433 0.17041
0.689087 0.897217
0.71582 0.254517
0.17041 0.327271
0.897217 0.564209
0.254517 0.592651
0.327271 0.0762939
0.564209 0.297119
0.592651 0.0516357
0.0762939 0.877808
0.297119 0.924438
0.0516357 0.717285
0.877808 0.195312
0.924438 0.320679
0.717285 0.452148
0.195312 0.687378
0.320679 0.686768
0.452148 0.676392
0.687378 0.5
0.686768 0.500977
0.676392 0.517578
0.5 0.799805
0.500977 0.598267
0.517578 0.171753
0.799805 0.920044
0.598267 0.642578
0.171753 0.925049
0.920044 0.727661
0.642578 0.371704
0.925049 0.319702
0.727661 0.435547
0.371704 0.405151
0.319702 0.888306
0.435547 0.103027
0.405151 0.751587
0.888306 0.778442
0.103027 0.235107
0.751587 0.997192
0.778442 0.954224
0.235107 0.223755
0.997192 0.804199
0.954224 0.672974
0.223755 0.441895
0.804199 0.513062
0.672974 0.723022
0.441895 0.292847
0.513062 0.978882
0.723022 0.642944
0.292847 0.931274
0.978882 0.833496
0.642944 0.171143
0.931274 0.909668
0.833496 0.466187
0.171143 0.926025
0.909668 0.744263
0.466187 0.653931
0.926025 0.118164
0.744263 0.0090332
0.653931 0.153564
0.118164 0.61084
0.0090332 0.385498
0.153564 0.554199
0.61084 0.422485
0.385498 0.183105
0.554199 0.113159
0.422485 0.923828
0.183105 0.706909
0.113159 0.0189209
0.923828 0.321655
0.706909 0.46875
0.0189209 0.969604
0.321655 0.485229
0.46875 0.249878
0.969604 0.248413
0.485229 0.223511
0.249878 0.800049
0.248413 0.602417
0.223511 0.24231
0.800049 0.119751
0.602417 0.0360107
0.24231 0.612183
0.119751 0.408325
0.0360107 0.942261
0.612183 0.0203857
0.408325 0.346558
0.942261 0.89209
0.0203857 0.167358
0.346558 0.845337
0.89209 0.372437
0.167358 0.332153
0.845337 0.647217
0.372437 0.00402832
0.332153 0.0684814
0.647217 0.164307
0.00402832 0.793457
0.0684814 0.490356
0.164307 0.337036
0.793457 0.730225
0.490356 0.415283
0.337036 0.0606689
0.730225 0.0314941
0.415283 0.5354
0.0606689 0.102905
0.0314941 0.749512
0.5354 0.743164
0.102905 0.635254
0.749512 0.800537
0.743164 0.610718
0.635254 0.383423
0.800537 0.518921
0.610718 0.822632
0.383423 0.986328
0.518921 0.769531
0.822632 0.0836182
0.986328 0.421631
0.769531 0.168579
0.0836182 0.866089
0.421631 0.72522
0.168579 0.3302
0.866089 0.614014
0.72522 0.439453
0.3302 0.471558
0.614014 0.0174561
0.439453 0.296753
0.471558 0.0454102
0.0174561 0.771973
0.296753 0.125122
0.0454102 0.127319
0.771973 0.164673
0.125122 0.799683
0.127319 0.596191
0.164673 0.136475
0.799683 0.320312
0.596191 0.445923
0.136475 0.581543
0.320312 0.887329
0.445923 0.0864258
0.581543 0.46936
0.887329 0.97998
0.0864258 0.661621
0.46936 0.248901
0.97998 0.231812
0.661621 0.941162
0.248901 0.00170898
0.231812 0.0290527
0.941162 0.493896
0.00170898 0.397217
0.0290527 0.753418
0.493896 0.80957
0.397217 0.764282
0.753418 0.994263
0.80957 0.904419
0.764282 0.376953
0.994263 0.408936
0.904419 0.952637
0.376953 0.196777
0.408936 0.345581
0.952637 0.875488
0.196777 0.88501
0.345581 0.0469971
0.875488 0.79895
0.88501 0.58374
0.0469971 0.924683
0.79895 0.721436
0.58374 0.265869
0.924683 0.520264
0.721436 0.845459
0.265869 0.374512
0.520264 0.367432
0.845459 0.24707
0.374512 0.200684
0.367432 0.411987
0.24707 0.00463867
0.200684 0.0788574
0.411987 0.340698
0.00463867 0.79248
0.0788574 0.473755
0.340698 0.0548096
0.79248 0.931763
0.473755 0.841797
0.0548096 0.312256
0.931763 0.30896
0.841797 0.25293
0.312256 0.300293
0.30896 0.105591
0.25293 0.795166
0.300293 0.519409
0.105591 0.830933
0.795166 0.127563
0.519409 0.168823
0.830933 0.870239
0.127563 0.795776
0.168823 0.529785
0.870239 0.00744629
0.795776 0.126587
0.529785 0.152222
0.00744629 0.588013
0.126587 0.997314
0.152222 0.956299
0.588013 0.259033
0.997314 0.404053
0.956299 0.869629
0.259033 0.7854
0.404053 0.353394
0.869629 0.00842285
0.7854 0.143188
0.353394 0.434448
0.00842285 0.386475
0.143188 0.570801
0.434448 0.704712
0.386475 0.981445
0.570801 0.686523
0.704712 0.672241
0.981445 0.429443
0.686523 0.301392
0.672241 0.124268
0.429443 0.112793
0.301392 0.917603
0.124268 0.601074
0.112793 0.219482
0.917603 0.731567
0.601074 0.43811
0.219482 0.44873
0.731567 0.629272
0.43811 0.698853
0.44873 0.881836
0.629272 0.99292
0.698853 0.881592
0.881836 0.98877
0.99292 0.811035
0.881592 0.789185
0.98877 0.417725
0.811035 0.102173
0.789185 0.737061
0.417725 0.531494
0.102173 0.036499
0.737061 0.620483
0.531494 0.549438
0.036499 0.341553
0.620483 0.807007
0.549438 0.720703
0.341553 0.253418
0.807007 0.308594
0.720703 0.246704
0.253418 0.194458
0.308594 0.306152
0.246704 0.2052
0.194458 0.48877
0.306152 0.310059
0.2052 0.271606
0.48877 0.617798
0.310059 0.503784
0.271606 0.565308
0.617798 0.611328
0.503784 0.393799
0.565308 0.695312
0.611328 0.821655
0.393799 0.969727
0.695312 0.487305
0.821655 0.285156
0.969727 0.848145
0.487305 0.420166
0.285156 0.143677
0.848145 0.442749
0.420166 0.527588
0.143677 0.969971
0.442749 0.491455
0.527588 0.355713
0.969971 0.0478516
0.491455 0.813477
0.355713 0.830688
0.0478516 0.123413
0.813477 0.0982666
0.830688 0.670654
0.123413 0.402466
0.0982666 0.842651
0.670654 0.326782
0.402466 0.555908
0.842651 0.451538
0.326782 0.677002
0.555908 0.510376
0.451538 0.677368
0.677002 0.516602
0.510376 0.783203
0.677368 0.31604
0.516602 0.373291
0.783203 0.34668
0.31604 0.894165
0.373291 0.202637
0.34668 0.44519
0.894165 0.569092
0.202637 0.675659
0.44519 0.487549
0.569092 0.289307
0.675659 0.918701
0.487549 0.619751
0.289307 0.536987
0.918701 0.129883
0.619751 0.208252
0.536987 0.540649
0.129883 0.192139
0.208252 0.266724
0.540649 0.53479
0.192139 0.0925293
0.266724 0.57312
0.53479 0.744141
0.0925293 0.651855
0.57312 0.0828857
0.744141 0.40918
0.651855 0.956787
0.0828857 0.267334
0.40918 0.545166
0.956787 0.268921
0.267334 0.572144
0.545166 0.727539
0.268921 0.369629
0.572144 0.284424
0.727539 0.835693
0.369629 0.208496
0.284424 0.5448
0.835693 0.262695
0.208496 0.466309
0.5448 0.928101
0.262695 0.779541
0.466309 0.253784
0.928101 0.314819
0.779541 0.352539
0.253784 0.993774
0.314819 0.896118
0.352539 0.23584
0.993774 0.00976562
0.896118 0.166016
0.23584 0.82251
0.00976562 0.984253
0.166016 0.734253
0.82251 0.483765
0.984253 0.224976
0.734253 0.824951
0.483765 0.0258789
0.224976 0.439941
0.824951 0.479858
0.0258789 0.158569
0.439941 0.695923
0.479858 0.832031
0.158569 0.14624
0.695923 0.486328
0.832031 0.268555
0.14624 0.565918
0.486328 0.621704
0.268555 0.57019
0.565918 0.694336
0.621704 0.805054
0.57019 0.6875
0.694336 0.688843
0.805054 0.71167
0.6875 0.0998535
0.688843 0.697632
0.71167 0.861084
0.0998535 0.640137
0.697632 0.883545
0.861084 0.0220947
0.640137 0.37561
0.883545 0.386108
0.0220947 0.564575
0.37561 0.598877
0.386108 0.182129
0.564575 0.0965576
0.598877 0.641602
0.182129 0.908447
0.0965576 0.445435
0.641602 0.573242
0.908447 0.746216
0.445435 0.687134
0.573242 0.682617
0.746216 0.605835
0.687134 0.300415
0.682617 0.107666
0.605835 0.830444
0.300415 0.119263
0.107666 0.02771
0.830444 0.471069
0.119263 0.00915527
0.02771 0.15564
0.471069 0.646118
0.00915527 0.985229
0.15564 0.750854
0.646118 0.765991
0.985229 0.0234375
0.750854 0.398438
0.765991 0.77417
0.0234375 0.162476
0.398438 0.762329
0.77417 0.96106
0.162476 0.339966
0.762329 0.780029
0.96106 0.262085
0.339966 0.455933
0.780029 0.751709
0.262085 0.780518
0.455933 0.270386
0.751709 0.597046
0.780518 0.151001
0.270386 0.567261
0.597046 0.644531
0.151001 0.958252
0.567261 0.292236
0.644531 0.968506
0.958252 0.466553
0.292236 0.932251
0.968506 0.850098
0.466553 0.453369
0.932251 0.70813
0.850098 0.0396729
0.453369 0.674438
0.70813 0.466797
0.0396729 0.936401
0.674438 0.920654
0.466797 0.652954
0.936401 0.101562
0.920654 0.726685
0.652954 0.355103
0.101562 0.0374756
0.726685 0.637085
0.355103 0.831665
0.0374756 0.140015
0.637085 0.380493
0.831665 0.469116
0.140015 0.97583
0.380493 0.591064
0.469116 0.0493164
0.97583 0.838379
0.591064 0.25415
0.0493164 0.321045
0.838379 0.458374
0.25415 0.793213
0.321045 0.486206
0.458374 0.266479
0.793213 0.53064
0.486206 0.0219727
0.266479 0.373535
0.53064 0.35083
0.0219727 0.964722
0.373535 0.402222
0.35083 0.838501
0.964722 0.256226
0.402222 0.356323
0.838501 0.0582275
0.256226 0.989868
0.356323 0.829712
0.0582275 0.106812
0.989868 0.815918
0.829712 0.872192
0.106812 0.828979
0.815918 0.0943604
0.872192 0.604248
0.828979 0.273438
0.0943604 0.648926
0.604248 0.0330811
0.273438 0.562378
0.648926 0.561523
0.0330811 0.546997
0.562378 0.300049
0.561523 0.10144
0.546997 0.724609
0.300049 0.319824
0.10144 0.437622
0.724609 0.44043
0.319824 0.488159
0.437622 0.299683
0.44043 0.0952148
0.488159 0.618774
0.299683 0.520386
0.0952148 0.847534
0.618774 0.40979
0.520386 0.967163
0.847534 0.443726
0.40979 0.544189
0.967163 0.252319
0.443726 0.289917
0.544189 0.929077
0.252319 0.796143
0.289917 0.536011
0.929077 0.113281
0.796143 0.925903
0.536011 0.742188
0.113281 0.618652
0.925903 0.518311
0.742188 0.812256
0.618652 0.809937
0.518311 0.770508
0.812256 0.10022
0.809937 0.703857
0.770508 0.966919
0.10022 0.439575
0.703857 0.473633
0.966919 0.0527344
0.439575 0.896484
0.473633 0.242065
0.0527344 0.115601
0.896484 0.965332
0.242065 0.412598
0.115601 0.0150146
0.965332 0.255249
0.412598 0.339722
0.0150146 0.775879
0.255249 0.191528
0.339722 0.256348
0.775879 0.358398
0.191528 0.0935059
0.256348 0.589722
0.358398 0.0264893
0.0935059 0.450317
0.589722 0.65625
0.0264893 0.157593
0.450317 0.679321
0.65625 0.549805
0.157593 0.347778
0.679321 0.912842
0.549805 0.520142
0.347778 0.843384
0.912842 0.339233
0.520142 0.767578
0.843384 0.050415
0.339233 0.857056
0.767578 0.571655
0.050415 0.719238
0.857056 0.228516
0.571655 0.885132
0.719238 0.0490723
0.228516 0.834229
0.885132 0.183594
0.0490723 0.12146
0.834229 0.0650635
0.183594 0.106201
0.12146 0.805542
0.0650635 0.695801
0.106201 0.829956
0.805542 0.110962
0.695801 0.886475
0.829956 0.0718994
0.110962 0.222412
0.886475 0.781372
0.0718994 0.284912
0.222412 0.843994
0.781372 0.349609
0.284912 0.94397
0.843994 0.0494385
0.349609 0.840454
0.94397 0.289429
0.0494385 0.920776
0.840454 0.655029
0.289429 0.136841
0.920776 0.326538
0.655029 0.551758
0.136841 0.380981
0.326538 0.477417
0.551758 0.117065
0.380981 0.990234
0.477417 0.835938
0.117065 0.212646
0.990234 0.615356
0.835938 0.46228
0.212646 0.859619
0.615356 0.615234
0.46228 0.460205
0.859619 0.824341
0.615234 0.0155029
0.460205 0.26355
0.824341 0.480835
0.0155029 0.175171
0.26355 0.978149
0.480835 0.630493
0.175171 0.719604
0.978149 0.234741
0.630493 0.990967
0.719604 0.848389
0.234741 0.424316
0.990967 0.214233
0.848389 0.642334
0.424316 0.920898
0.214233 0.657104
0.642334 0.172119
0.920898 0.92627
0.657104 0.748413
0.172119 0.724487
0.92627 0.317749
0.748413 0.402344
0.724487 0.840576
0.317749 0.291504
0.402344 0.956055
0.840576 0.254883
0.291504 0.333496
0.956055 0.670044
0.254883 0.39209
0.333496 0.66626
0.670044 0.327759
0.39209 0.57251
0.66626 0.733765
0.327759 0.475464
0.57251 0.0838623
0.733765 0.425781
0.475464 0.239136
0.0838623 0.0657959
0.425781 0.118652
0.239136 0.017334
0.0657959 0.294678
0.118652 0.0101318
0.017334 0.172241
0.294678 0.928345
0.0101318 0.783691
0.172241 0.324341
0.928345 0.514404
0.783691 0.74585
0.324341 0.680908
0.514404 0.576782
0.74585 0.806396
0.680908 0.710327
0.576782 0.0770264
0.806396 0.30957
0.710327 0.263306
0.0770264 0.476685
0.30957 0.104614
0.263306 0.778564
0.476685 0.237183
0.104614 0.0325928
0.778564 0.554077
0.237183 0.42041
0.0325928 0.147827
0.554077 0.513306
0.42041 0.727173
0.147827 0.363403
0.513306 0.178589
0.727173 0.036377
0.363403 0.618408
0.178589 0.51416
0.036377 0.741699
0.618408 0.610352
0.51416 0.377197
0.741699 0.413086
0.610352 0.0233154
0.377197 0.396362
0.413086 0.738892
0.0233154 0.562622
0.396362 0.565674
0.738892 0.617554
0.562622 0.499634
0.565674 0.494751
0.617554 0.411743
0.499634 0.000488281
0.494751 0.00830078
0.411743 0.141113
0.000488281 0.39917
0.00830078 0.786621
0.141113 0.374146
0.39917 0.361206
0.786621 0.141235
0.374146 0.401245
0.361206 0.821899
0.141235 0.973877
0.401245 0.557861
0.821899 0.484741
0.973877 0.241577
0.557861 0.1073
0.484741 0.824219
0.241577 0.0134277
0.1073 0.228271
0.824219 0.880981
0.0134277 0.978394
0.228271 0.634644
0.880981 0.790161
0.978394 0.434326
0.634644 0.384399
0.790161 0.535522
0.434326 0.10498
0.384399 0.78479
0.535522 0.343018
0.10498 0.831909
0.78479 0.144165
0.343018 0.45105
0.831909 0.668701
0.144165 0.369263
0.45105 0.278198
0.668701 0.729858
0.369263 0.409058
0.278198 0.954712
0.729858 0.232056
0.409058 0.945312
0.954712 0.0722656
0.232056 0.228638
0.945312 0.887207
0.0722656 0.0843506
0.228638 0.434082
0.887207 0.380249
0.0843506 0.464966
0.434082 0.905273
0.380249 0.391479
0.464966 0.655884
0.905273 0.151367
0.391479 0.573486
0.655884 0.750366
0.151367 0.75769
0.573486 0.882202
0.750366 0.999146
0.75769 0.987427
0.882202 0.788208
0.999146 0.401123
0.987427 0.819824
0.788208 0.938599
0.401123 0.958008
0.819824 0.288086
0.938599 0.897949
0.958008 0.266968
0.288086 0.53894
0.897949 0.163086
0.266968 0.772705
0.53894 0.137573
0.163086 0.338989
0.772705 0.763428
0.137573 0.979736
0.338989 0.657471
0.763428 0.178345
0.979736 0.0322266
0.657471 0.547852
0.178345 0.314575
0.0322266 0.348389
0.547852 0.923218
0.314575 0.696533
0.348389 0.842407
0.923218 0.322632
0.696533 0.485352
0.842407 0.251953
0.322632 0.283691
0.485352 0.823242
0.251953 0.996704
0.283691 0.945923
0.823242 0.0826416
0.996704 0.405029
0.945923 0.88623
0.0826416 0.067749
0.405029 0.151855
0.88623 0.581787
0.067749 0.891479
0.151855 0.156982
0.581787 0.668945
0.891479 0.373413
0.156982 0.348755
0.668945 0.929443
0.373413 0.802368
0.348755 0.641846
0.929443 0.912598
0.802368 0.515991
0.641846 0.772827
0.912598 0.139648
0.515991 0.374268
0.772827 0.363281
0.139648 0.176514
0.374268 0.00109863
0.363281 0.0186768
0.176514 0.317505
0.00109863 0.398193
0.0186768 0.77002
0.317505 0.0919189
0.398193 0.562744
0.77002 0.567749
0.0919189 0.652832
0.562744 0.0994873
0.567749 0.691406
0.652832 0.755249
0.0994873 0.840698
0.691406 0.293579
0.755249 0.991333
0.840698 0.854614
0.293579 0.530151
0.991333 0.0136719
0.854614 0.232422
0.530151 0.951538
0.0136719 0.178101
0.232422 0.0280762
0.951538 0.477295
0.178101 0.11499
0.0280762 0.954956
0.477295 0.236206
0.11499 0.0159912
0.954956 0.271851
0.236206 0.621948
0.0159912 0.574341
0.271851 0.764893
0.621948 0.00476074
0.574341 0.0809326
0.764893 0.375977
0.00476074 0.392334
0.0809326 0.67041
0.375977 0.398315
0.392334 0.772095
0.67041 0.127197
0.398315 0.162598
0.772095 0.764404
0.127197 0.996338
0.162598 0.939697
0.764404 0.976685
0.996338 0.605591
0.939697 0.296265
0.976685 0.0371094
0.605591 0.630859
0.296265 0.72583
0.0371094 0.340576
0.630859 0.790405
0.72583 0.438477
0.340576 0.454956
0.790405 0.735107
0.438477 0.498291
0.454956 0.471924
0.735107 0.0236816
0.498291 0.402588
0.471924 0.844727
0.0236816 0.362061
0.402588 0.155762
0.844727 0.648193
0.362061 0.0206299
0.155762 0.350708
0.648193 0.962646
0.0206299 0.366943
0.350708 0.23877
0.962646 0.0595703
0.366943 0.0128174
0.23877 0.217896
0.0595703 0.70459
0.0128174 0.97937
0.217896 0.651245
0.70459 0.0725098
0.97937 0.232788
0.651245 0.957764
0.0725098 0.283936
0.232788 0.827393
0.957764 0.0673828
0.283936 0.14563
0.827393 0.475952
0.0673828 0.0921631
0.14563 0.566895
0.475952 0.638306
0.0921631 0.852417
0.566895 0.492798
0.638306 0.37854
0.852417 0.435913
0.492798 0.411377
0.37854 0.994141
0.435913 0.902344
0.411377 0.341675
0.994141 0.809082
0.902344 0.755981
0.341675 0.853149
0.809082 0.505249
0.755981 0.59021
0.853149 0.03479
0.505249 0.591431
0.59021 0.055542
0.03479 0.944214
0.591431 0.0535889
0.055542 0.911011
0.944214 0.489014
0.0535889 0.314209
0.911011 0.342163
0.489014 0.817383
0.314209 0.897095
0.342163 0.252441
0.817383 0.291992
0.897095 0.964355
0.252441 0.395996
0.291992 0.732666
0.964355 0.456787
0.395996 0.766235
0.732666 0.0275879
0.456787 0.468994
0.766235 0.973755
0.0275879 0.555786
0.468994 0.449463
0.973755 0.641724
0.555786 0.910522
0.449463 0.480713
0.641724 0.173096
0.910522 0.942871
0.480713 0.0307617
0.173096 0.522949
0.942871 0.891113
0.0307617 0.150757
0.522949 0.56311
0.891113 0.573975
0.150757 0.758667
0.56311 0.898804
0.573975 0.281494
0.758667 0.785889
0.898804 0.361694
0.281494 0.149536
0.785889 0.542358
0.361694 0.221191
0.149536 0.76062
0.542358 0.932007
0.221191 0.845947
0.76062 0.382812
0.932007 0.508545
0.845947 0.64624
0.382812 0.987305
0.508545 0.786133
0.64624 0.365845
0.987305 0.220093
0.786133 0.741943
0.365845 0.614502
0.220093 0.447754
0.741943 0.612671
0.614502 0.416626
0.447754 0.0834961
0.612671 0.419556
0.416626 0.133301
0.0834961 0.266357
0.419556 0.528564
0.133301 0.986572
0.266357 0.773682
0.528564 0.154175
0.986572 0.621216
0.773682 0.56189
0.154175 0.553223
0.621216 0.405884
0.56189 0.900757
0.553223 0.314697
0.405884 0.350464
0.900757 0.958496
0.314697 0.296387
0.350464 0.0391846
0.958496 0.666138
0.296387 0.325684
0.0391846 0.537231
0.666138 0.134033
0.325684 0.278809
0.537231 0.740234
0.134033 0.585449
0.278809 0.953735
0.740234 0.215454
0.585449 0.663086
0.953735 0.273804
0.215454 0.655151
0.663086 0.138916
0.273804 0.361816
0.655151 0.151611
0.138916 0.577637
0.361816 0.820923
0.151611 0.957275
0.577637 0.275635
0.820923 0.686279
0.957275 0.668091
0.275635 0.358887
0.686279 0.101807
0.668091 0.730835
0.358887 0.425659
0.101807 0.237061
0.730835 0.0305176
0.425659 0.518799
0.237061 0.820557
0.0305176 0.95105
0.518799 0.1698
0.820557 0.886841
0.95105 0.078125
0.1698 0.328247
0.886841 0.580811
0.078125 0.874878
0.328247 0.874634
0.580811 0.870483
0.874878 0.799927
0.874634 0.600342
0.870483 0.207031
0.799927 0.519897
0.600342 0.839233
0.207031 0.268677
0.519897 0.567993
0.839233 0.656982
0.268677 0.170044
0.567993 0.890991
0.656982 0.148682
0.170044 0.527832
0.890991 0.974121
0.148682 0.562012
0.527832 0.555298
0.974121 0.441162
0.562012 0.50061
0.555298 0.511353
0.441162 0.69397
0.50061 0.798828
0.511353 0.581665
0.69397 0.889404
0.798828 0.121704
0.581665 0.0692139
0.889404 0.176758
0.121704 0.00524902
0.0692139 0.0892334
0.176758 0.51709
0.00524902 0.791504
0.0892334 0.457153
0.51709 0.772461
0.791504 0.133423
0.457153 0.268433
0.772461 0.563843
0.133423 0.586426
0.268433 0.970337
0.563843 0.497681
0.586426 0.461548
0.970337 0.847168
0.497681 0.403564
0.461548 0.861328
0.847168 0.644287
0.403564 0.954102
0.861328 0.22168
0.644287 0.768921
0.954102 0.0732422
0.22168 0.245239
0.768921 0.169556
0.0732422 0.88269
0.245239 0.00756836
0.169556 0.128662
0.88269 0.1875
0.00756836 0.187866
0.128662 0.194092
0.1875 0.299927
0.187866 0.0993652
0.194092 0.689331
0.299927 0.719971
0.0993652 0.240967
0.689331 0.0969238
0.719971 0.647827
0.240967 0.0144043
0.0969238 0.244873
0.647827 0.16333
0.0144043 0.776855
0.244873 0.20813
0.16333 0.538574
0.776855 0.15686
0.20813 0.66687
0.538574 0.338135
0.15686 0.748901
0.66687 0.732788
0.338135 0.458862
0.748901 0.801514
0.732788 0.627319
0.458862 0.665649
0.801514 0.317383
0.627319 0.396118
0.665649 0.734741
0.317383 0.492065
0.396118 0.366089
0.734741 0.224243
0.492065 0.8125
0.366089 0.814087
0.224243 0.841064
0.8125 0.299805
0.814087 0.09729
0.841064 0.654053
0.299805 0.120239
0.09729 0.0443115
0.654053 0.753296
0.120239 0.807495
0.0443115 0.729004
0.753296 0.394531
0.807495 0.707764
0.729004 0.0334473
0.394531 0.568604
0.707764 0.667358
0.0334473 0.346436
0.568604 0.890015
0.667358 0.13208
0.346436 0.245605
0.890015 0.175781
0.13208 0.988525
0.245605 0.806885
0.175781 0.718628
0.988525 0.21814
0.806885 0.70874
0.718628 0.0500488
0.21814 0.85083
0.70874 0.46582
0.0500488 0.9198
0.85083 0.638428
0.46582 0.854492
0.9198 0.528076
0.638428 0.978271
0.854492 0.632568
0.528076 0.754883
0.978271 0.834473
0.632568 0.187744
0.754883 0.192017
0.834473 0.264648
0.187744 0.499512
0.192017 0.492676
0.264648 0.376465
0.499512 0.400635
0.492676 0.811523
0.376465 0.797485
0.400635 0.558838
0.811523 0.501343
0.797485 0.523804
0.558838 0.90564
0.501343 0.397705
0.523804 0.761719
0.90564 0.950684
0.397705 0.163574
0.761719 0.781006
0.950684 0.278687
0.163574 0.738159
0.781006 0.550171
0.278687 0.354004
0.738159 0.0187988
0.550171 0.31958
0.354004 0.433472
0.0187988 0.369873
0.31958 0.288574
0.433472 0.90625
0.369873 0.408081
0.288574 0.93811
0.90625 0.949707
0.408081 0.146973
0.93811 0.498779
0.949707 0.480225
0.146973 0.164795
0.498779 0.801758
0.480225 0.63147
0.164795 0.736206
0.801758 0.516968
0.63147 0.789429
0.736206 0.421875
0.516968 0.172729
0.789429 0.936646
0.421875 0.924805
0.172729 0.723511
0.936646 0.301147
0.924805 0.120117
0.723511 0.0422363
0.301147 0.718018
0.120117 0.207764
0.0422363 0.532349
0.718018 0.0510254
0.207764 0.867432
0.532349 0.748047
0.0510254 0.718262
0.867432 0.211914
0.748047 0.602905
0.718262 0.25061
0.211914 0.260864
0.602905 0.435181
0.25061 0.398926
0.260864 0.782471
0.435181 0.303589
0.398926 0.161621
0.782471 0.747803
0.303589 0.714111
0.161621 0.141357
0.747803 0.40332
0.714111 0.857178
0.141357 0.57373
0.40332 0.754517
0.857178 0.828247
0.57373 0.0819092
0.754517 0.392578
0.828247 0.674561
0.0819092 0.468872
0.392578 0.97168
0.674561 0.520508
0.468872 0.849609
0.97168 0.445068
0.520508 0.567017
0.849609 0.640381
0.445068 0.887695
0.567017 0.0926514
0.640381 0.575195
0.887695 0.779419
0.0926514 0.251709
0.575195 0.279541
0.779419 0.752686
0.251709 0.797119
0.279541 0.552612
0.752686 0.395508
0.797119 0.724365
0.552612 0.315674
0.395508 0.367065
0.724365 0.240845
0.315674 0.0948486
0.367065 0.612549
0.240845 0.414551
0.0948486 0.0482178
0.612549 0.819702
0.414551 0.936523
0.0482178 0.922729
0.819702 0.688232
0.936523 0.701294
0.922729 0.92334
0.688232 0.698608
0.701294 0.877686
0.92334 0.922363
0.698608 0.682007
0.877686 0.595459
0.922363 0.124023
0.682007 0.108643
0.595459 0.847046
0.124023 0.401489
0.108643 0.82605
0.847046 0.0445557
0.401489 0.757446
0.82605 0.878052
0.0445557 0.928589
0.757446 0.787842
0.878052 0.394897
0.928589 0.713989
0.787842 0.139282
0.394897 0.368042
0.713989 0.257446
0.139282 0.377075
0.368042 0.411011
0.257446 0.987915
0.377075 0.796509
0.411011 0.542236
0.987915 0.219116
0.796509 0.725342
0.542236 0.332275
0.219116 0.649292
0.725342 0.0393066
0.332275 0.668213
0.649292 0.360962
0.0393066 0.137085
0.668213 0.330688
0.360962 0.622314
0.137085 0.580566
0.330688 0.870728
0.622314 0.804077
0.580566 0.670898
0.870728 0.406616
0.804077 0.913208
0.670898 0.526367
0.406616 0.949219
0.913208 0.138672
0.526367 0.357666
0.949219 0.0810547
0.138672 0.378052
0.357666 0.427612
0.0810547 0.270264
0.378052 0.594971
0.427612 0.115723
0.270264 0.967407
0.594971 0.447876
0.115723 0.614746
0.967407 0.451904
0.447876 0.683228
0.614746 0.616211
0.451904 0.476807
0.683228 0.106689
0.616211 0.813843
0.476807 0.836914
0.106689 0.229248
0.813843 0.897583
0.836914 0.260742
0.229248 0.433105
0.897583 0.363647
0.260742 0.182739
0.433105 0.106934
0.363647 0.817993
0.182739 0.907471
0.106934 0.428833
0.817993 0.291016
0.907471 0.947754
0.428833 0.11377
0.291016 0.934204
0.947754 0.883301
0.11377 0.0179443
0.934204 0.305054
0.883301 0.186523
0.0179443 0.171265
0.305054 0.911743
0.186523 0.501465
0.171265 0.525879
0.911743 0.940918
0.501465 0.997437
0.525879 0.958374
0.940918 0.294312
0.997437 0.00390625
0.958374 0.0664062
0.294312 0.129028
0.00390625 0.193726
0.0664062 0.293701
0.129028 0.993408
0.193726 0.889893
0.293701 0.130005
0.993408 0.210327
0.889893 0.575928
0.130005 0.79187
0.210327 0.463379
0.575928 0.878296
0.79187 0.932739
0.463379 0.858398
0.878296 0.594482
0.932739 0.107422
0.858398 0.826294
0.594482 0.0487061
0.107422 0.828003
0.826294 0.0777588
0.0487061 0.322021
0.828003 0.474976
0.0777588 0.0755615
0.322021 0.284668
0.474976 0.839844
0.0755615 0.279053
0.284668 0.744385
0.839844 0.656006
0.279053 0.153442
0.744385 0.608765
0.656006 0.35022
0.153442 0.954346
0.608765 0.22583
0.35022 0.839478
0.954346 0.272827
0.22583 0.63855
0.839478 0.856567
0.272827 0.563354
0.63855 0.578125
0.856567 0.829224
0.563354 0.0985107
0.578125 0.674805
0.829224 0.473022
0.0985107 0.0423584
0.674805 0.720093
0.473022 0.243042
0.0423584 0.132202
0.720093 0.247681
0.243042 0.21106
0.132202 0.588379
0.247681 0.00366211
0.21106 0.0622559
0.588379 0.0584717
0.00366211 0.994019
0.0622559 0.900269
0.0584717 0.306396
0.994019 0.209351
0.900269 0.559326
0.306396 0.509644
0.209351 0.664917
0.559326 0.304932
0.509644 0.184448
0.664917 0.135986
0.304932 0.312012
0.184448 0.30481
0.135986 0.182373
0.312012 0.100708
0.30481 0.712158
0.182373 0.108154
0.100708 0.838745
0.712158 0.260376
0.108154 0.42688
0.838745 0.257812
0.260376 0.383301
0.42688 0.516846
0.257812 0.787354
0.383301 0.386597
0.516846 0.572876
0.787354 0.73999
0.386597 0.581299
0.572876 0.883179
0.73999 0.0158691
0.581299 0.269775
0.883179 0.58667
0.0158691 0.974487
0.269775 0.568237
0.58667 0.661133
0.974487 0.240601
0.568237 0.0906982
0.661133 0.541992
0.240601 0.214966
0.0906982 0.654785
0.541992 0.13269
0.214966 0.255981
0.654785 0.352173
0.13269 0.987549
0.255981 0.790283
0.352173 0.436401
0.987549 0.419678
0.790283 0.135376
0.436401 0.301636
0.419678 0.128418
0.135376 0.18335
0.301636 0.11731
0.128418 0.994385
0.18335 0.906494
0.11731 0.412231
0.994385 0.00878906
0.906494 0.149414
0.412231 0.540283
0.00878906 0.185913
0.149414 0.160889
0.540283 0.735352
0.185913 0.502441
0.160889 0.54248
0.735352 0.223267
0.502441 0.795898
0.54248 0.53186
0.223267 0.0427246
0.795898 0.726318
0.53186 0.348877
0.0427246 0.931519
0.726318 0.837646
0.348877 0.241699
0.931519 0.109375
0.837646 0.859497
0.241699 0.613159
0.109375 0.424927
0.859497 0.224609
0.613159 0.818726
0.424927 0.919922
0.224609 0.640503
0.818726 0.889771
0.919922 0.12793
0.640503 0.175049
0.889771 0.976074
0.12793 0.595215
0.175049 0.119873
0.976074 0.0380859
0.595215 0.647461
0.119873 0.00817871
0.0380859 0.139038
0.647461 0.363892
0.00817871 0.18689
0.139038 0.17749
0.363892 0.0177002
0.18689 0.300903
0.17749 0.115967
0.0177002 0.971558
0.300903 0.518433
0.115967 0.814331
0.971558 0.845215
0.518433 0.370361
0.814331 0.296875
0.845215 0.0474854
0.370361 0.807251
0.296875 0.724854
0.0474854 0.323975
0.807251 0.508179
0.724854 0.640015
0.323975 0.88147
0.508179 0.986694
0.640015 0.775757
0.88147 0.189453
0.986694 0.221069
0.775757 0.758545
0.189453 0.896729
0.221069 0.246216
0.758545 0.186157
0.896729 0.165039
0.246216 0.805908
0.186157 0.702026
0.165039 0.935791
0.805908 0.910278
0.702026 0.476562
0.935791 0.102539
0.910278 0.743286
0.476562 0.637329
0.102539 0.835815
0.743286 0.210571
0.637329 0.580078
0.835815 0.862427
0.210571 0.662964
0.580078 0.271729
0.862427 0.619873
0.662964 0.539062
0.271729 0.165161
0.619873 0.807983
0.539062 0.737305
0.165161 0.535645
0.807983 0.107056
0.737305 0.820068
0.535645 0.942749
0.107056 0.0286865
0.820068 0.487671
0.942749 0.291382
0.0286865 0.953979
0.487671 0.219604
0.291382 0.733643
0.953979 0.473389
0.219604 0.048584
0.733643 0.825928
0.473389 0.0424805
0.048584 0.722168
0.825928 0.27832
0.0424805 0.731934
0.722168 0.444336
0.27832 0.554565
0.731934 0.428711
0.444336 0.28894
0.554565 0.912476
0.428711 0.513916
0.28894 0.737549
0.912476 0.539795
0.513916 0.177612
0.737549 0.0197754
0.539795 0.336182
0.177612 0.715698
0.0197754 0.168335
0.336182 0.861938
0.715698 0.654663
0.168335 0.130615
0.861938 0.220703
0.654663 0.752319
0.130615 0.790894
0.220703 0.446777
0.752319 0.596069
0.790894 0.134399
0.446777 0.285034
0.596069 0.846069
0.134399 0.384888
0.285034 0.543823
0.846069 0.246094
0.384888 0.184082
0.543823 0.129761
0.246094 0.206177
0.184082 0.505371
0.129761 0.592285
0.206177 0.0700684
0.505371 0.191284
0.592285 0.252197
0.0700684 0.287842
0.191284 0.893799
0.252197 0.196411
0.287842 0.339355
0.893799 0.769653
0.196411 0.0856934
0.339355 0.456909
0.769653 0.768311
0.0856934 0.0628662
0.456909 0.0688477
0.768311 0.170532
0.0628662 0.899292
0.0688477 0.289795
0.170532 0.927002
0.899292 0.760864
0.289795 0.936157
0.927002 0.916504
0.760864 0.582397
0.936157 0.901855
0.916504 0.333374
0.582397 0.667969
0.901855 0.356812
0.333374 0.0665283
0.667969 0.131104
0.356812 0.229004
0.0665283 0.893433
0.131104 0.190186
0.229004 0.233521
0.893433 0.970215
0.190186 0.495605
0.233521 0.42627
0.970215 0.247437
0.495605 0.206909
0.42627 0.517822
0.247437 0.803955
0.206909 0.668823
0.517822 0.371338
0.803955 0.313477
0.668823 0.329712
0.371338 0.605713
0.313477 0.29834
0.329712 0.0723877
0.605713 0.230713
0.29834 0.922485
0.0723877 0.684082
0.230713 0.630737
0.922485 0.723755
0.684082 0.305298
0.630737 0.190674
0.723755 0.241821
0.305298 0.11145
0.190674 0.894775
0.241821 0.213013
0.11145 0.621582
0.894775 0.568115
0.213013 0.659058
0.621582 0.205322
0.568115 0.490845
0.659058 0.345337
0.205322 0.871338
0.490845 0.814453
0.345337 0.84729
0.871338 0.40564
0.814453 0.896606
0.84729 0.244141
0.40564 0.150879
0.896606 0.565186
0.244141 0.609253
0.150879 0.358521
0.565186 0.0955811
0.609253 0.625
0.358521 0.626221
0.0955811 0.646973
0.625 0.999756
0.626221 0.997803
0.646973 0.9646
0.999756 0.400146
0.997803 0.803223
0.9646 0.656372
0.400146 0.159668
0.803223 0.7146
0.656372 0.149658
0.159668 0.544434
0.7146 0.25647
0.149658 0.360474
0.544434 0.128784
0.25647 0.189575
0.360474 0.223145
0.128784 0.793823
0.189575 0.496582
0.223145 0.442871
0.793823 0.529663
0.496582 0.00537109
0.442871 0.0913086
0.529663 0.552368
0.00537109 0.391357
0.0913086 0.653809
0.552368 0.116089
0.391357 0.973633
0.653809 0.553711
0.116089 0.414185
0.973633 0.0419922
0.553711 0.713867
0.414185 0.137207
0.0419922 0.332764
0.713867 0.657593
0.137207 0.18042
0.332764 0.0675049
0.657593 0.147705
0.18042 0.51123
0.0675049 0.691895
0.147705 0.76355
0.51123 0.981812
0.691895 0.692749
0.76355 0.778076
0.981812 0.228882
0.692749 0.891357
0.778076 0.154907
0.228882 0.633667
0.891357 0.77356
0.154907 0.1521
0.633667 0.585938
0.77356 0.962036
0.1521 0.356567
0.585938 0.0623779
0.962036 0.0605469
0.356567 0.0294189
0.0623779 0.500122
0.0605469 0.503052
0.0294189 0.552856
0.500122 0.399658
0.503052 0.794922
0.552856 0.515259
0.399658 0.760376
0.794922 0.927856
0.515259 0.775391
0.760376 0.183228
0.927856 0.115234
0.775391 0.959106
0.183228 0.306763
0.115234 0.215576
0.959106 0.665161
0.306763 0.309082
0.215576 0.255005
0.665161 0.335571
0.309082 0.705322
0.255005 0.991821
0.335571 0.862915
0.705322 0.671265
0.991821 0.412842
0.862915 0.019165
0.671265 0.325806
0.412842 0.539307
0.019165 0.169312
0.325806 0.87854
0.539307 0.93689
0.169312 0.928955
0.87854 0.794067
0.93689 0.500732
0.928955 0.513428
0.794067 0.729248
0.500732 0.398682
0.513428 0.77832
0.729248 0.233032
0.398682 0.961914
0.77832 0.354492
0.233032 0.0270996
0.961914 0.460693
0.354492 0.832642
0.0270996 0.156616
0.460693 0.66272
0.832642 0.267578
0.156616 0.549316
0.66272 0.339478
0.267578 0.771729
0.549316 0.120972
0.339478 0.0567627
0.771729 0.964966
0.120972 0.406372
0.0567627 0.909058
0.964966 0.455811
