0.10376 0.755737
0.820557 0.245483
0.755737 0.86853
0.245483 0.833984
0.86853 0.897217
0.833984 0.272705
0.897217 0.182739
0.272705 0.534668
0.182739 0.452271
0.534668 0.447632
0.452271 0.0533447
0.447632 0.53479
0.0533447 0.462646
0.53479 0.329712
0.462646 0.0289307
0.329712 0.459351
0.0289307 0.0495605
0.459351 0.213135
0.0495605 0.118652
0.213135 0.0866699
0.118652 0.367798
0.0866699 0.266602
0.367798 0.663818
0.266602 0.431396
0.663818 0.673096
0.431396 0.220093
0.673096 0.710083
0.220093 0.36438
0.710083 0.975952
0.36438 0.965942
0.975952 0.115112
0.965942 0.785645
0.115112 0.787842
0.785645 0.974609
0.787842 0.851807
0.974609 0.412354
0.851807 0.0543213
0.412354 0.617798
0.0543213 0.519165
0.617798 0.134399
0.519165 0.425293
0.134399 0.154297
0.425293 0.116821
0.154297 0.930908
0.116821 0.136841
0.930908 0.632812
0.136841 0.795532
0.632812 0.628418
0.795532 0.421997
0.628418 0.874023
0.421997 0.301025
0.874023 0.59021
0.301025 0.17395
0.59021 0.787476
0.17395 0.943481
0.787476 0.205688
0.943481 0.485596
0.205688 0.28064
0.485596 0.857178
0.28064 0.868896
0.857178 0.865112
0.868896 0.543457
0.865112 0.199463
0.543457 0.956299
0.199463 0.295288
0.956299 0.102539
0.295288 0.716797
0.102539 0.935059
0.716797 0.489624
0.935059 0.623047
0.489624 0.965332
0.623047 0.0632324
0.965332 0.375366
0.0632324 0.909912
0.375366 0.351929
0.909912 0.91748
0.351929 0.995239
0.91748 0.605591
0.995239 0.481445
0.605591 0.927734
0.481445 0.866943
0.927734 0.699097
0.866943 0.43042
0.699097 0.590088
0.43042 0.163574
0.590088 0.905396
0.163574 0.967896
0.905396 0.281128
0.967896 0.898682
0.281128 0.397217
0.898682 0.767456
0.397217 0.241699
0.767456 0.546875
0.241699 0.48999
0.546875 0.654175
0.48999 0.611572
0.654175 0.989868
0.611572 0.149048
0.989868 0.670532
0.149048 0.00219727
0.670532 0.186768
0.00219727 0.877075
0.186768 0.560425
0.877075 0.641846
0.560425 0.563477
0.641846 0.901245
0.563477 0.615112
0.901245 0.290894
0.615112 0.728882
0.290894 0.962402
0.728882 0.814087
0.962402 0.205811
0.814087 0.495972
0.205811 0.16272
0.495972 0.832764
0.16272 0.793457
0.832764 0.452026
0.793457 0.42688
0.452026 0.289185
0.42688 0.583618
0.289185 0.613525
0.583618 0.156006
0.613525 0.262085
0.156006 0.279907
0.262085 0.794922
0.279907 0.576538
0.794922 0.0117188
0.576538 0.996094
0.0117188 0.678223
0.996094 0.655884
0.678223 0.756836
0.655884 0.338867
0.756836 0.807129
0.338867 0.614258
0.807129 0.218262
0.614258 0.554443
0.218262 0.133423
0.554443 0.342285
0.133423 0.0977783
0.342285 0.312134
0.0977783 0.534546
0.312134 0.441895
0.534546 0.565552
0.441895 0.0777588
0.565552 0.610229
0.0777588 0.875732
0.610229 0.446289
0.875732 0.939087
0.446289 0.832031
0.939087 0.731201
0.832031 0.159668
0.731201 0.573364
0.159668 0.741821
0.573364 0.0625
0.741821 0.31311
0.0625 0.617554
0.31311 0.498413
0.617554 0.370239
0.498413 0.474121
0.370239 0.305176
0.474121 0.942993
0.305176 0.164185
0.942993 0.957275
0.164185 0.378296
0.957275 0.159058
0.378296 0.521484
0.159058 0.331543
0.521484 0.18457
0.331543 0.690308
0.18457 0.683228
0.690308 0.0814209
0.683228 0.921509
0.0814209 0.337769
0.921509 0.713745
0.337769 0.675659
0.713745 0.437988
0.675659 0.233521
0.437988 0.851562
0.233521 0.391602
0.851562 0.290161
0.391602 0.666626
0.290161 0.670044
0.666626 0.960571
0.670044 0.658447
0.960571 0.974731
0.658447 0.862183
0.974731 0.294434
0.862183 0.0299072
0.294434 0.542358
0.0299072 0.106079
0.542358 0.0178223
0.106079 0.515015
0.0178223 0.781494
0.515015 0.435059
0.781494 0.984375
0.435059 0.682007
0.984375 0.977539
0.682007 0.100952
0.977539 0.581909
0.100952 0.468262
0.581909 0.807007
0.468262 0.603882
0.807007 0.336182
0.603882 0.578857
0.336182 0.208862
0.578857 0.755371
0.208862 0.214355
0.755371 0.222412
0.214355 0.907227
0.222412 0.123657
0.907227 0.512085
0.123657 0.532471
0.512085 0.265503
0.532471 0.570435
0.265503 0.492798
0.570435 0.892822
0.492798 0.899048
0.892822 0.428345
0.899048 0.413696
0.428345 0.168457
0.413696 0.320557
0.168457 0.25061
0.320557 0.304443
0.25061 0.880737
0.304443 0.871704
0.880737 0.103882
0.871704 0.830933
0.103882 0.637817
0.830933 0.221069
0.637817 0.793091
0.221069 0.420898
0.793091 0.78064
0.420898 0.362427
0.78064 0.809937
0.362427 0.852905
0.809937 0.505737
0.852905 0.992798
0.505737 0.398071
0.992798 0.840088
0.398071 0.416138
0.840088 0.375977
0.416138 0.961792
0.375977 0.762207
0.961792 0.79541
0.762207 0.618042
0.79541 0.539917
0.618042 0.898438
0.539917 0.376465
0.898438 0.00341797
0.376465 0.290527
0.00341797 0.697754
0.290527 0.316284
0.697754 0.887329
0.316284 0.432129
0.887329 0.735352
0.432129 0.512451
0.735352 0.563599
0.512451 0.911621
0.563599 0.497192
0.911621 0.266479
0.497192 0.653442
0.266479 0.549316
0.653442 0.69751
0.549316 0.295532
0.69751 0.123291
0.295532 0.480957
0.123291 0.88623
0.480957 0.338745
0.88623 0.796753
0.338745 0.732178
0.796753 0.242676
0.732178 0.629883
0.242676 0.546509
0.629883 0.458862
0.546509 0.00805664
0.458862 0.684814
0.00805664 0.216309
0.684814 0.388428
0.216309 0.0203857
0.388428 0.73291
0.0203857 0.304932
0.73291 0.922241
0.304932 0.400024
0.922241 0.00622559
0.400024 0.529175
0.00622559 0.985229
0.529175 0.754639
0.985229 0.1521
0.754639 0.929932
0.1521 0.053833
0.929932 0.576294
0.053833 0.990845
0.576294 0.232056
0.990845 0.727051
0.232056 0.806763
0.727051 0.58313
0.806763 0.572021
0.58313 0.627686
0.572021 0.359741
0.627686 0.581665
0.359741 0.44751
0.581665 0.0429688
0.44751 0.65271
0.0429688 0.487061
0.65271 0.405151
0.487061 0.442017
0.405151 0.575928
0.442017 0.959717
0.575928 0.585815
0.959717 0.800293
0.585815 0.0332031
0.800293 0.82251
0.0332031 0.921753
0.82251 0.358521
0.921753 0.477905
0.358521 0.626831
0.477905 0.287109
0.626831 0.407227
0.287109 0.618408
0.407227 0.571045
0.618408 0.544678
0.571045 0.303223
0.544678 0.776978
0.303223 0.0511475
0.776978 0.348022
0.0511475 0.585449
0.348022 0.769165
0.585449 0.386963
0.769165 0.895752
0.386963 0.148193
0.895752 0.5979
0.148193 0.827637
0.5979 0.357666
0.827637 0.405273
0.357666 0.452393
0.405273 0.458008
0.452393 0.935303
0.458008 0.510376
0.935303 0.387207
0.510376 0.916504
0.387207 0.912231
0.916504 0.549072
0.912231 0.676758
0.549072 0.531372
0.676758 0.172119
0.531372 0.631836
0.172119 0.712524
0.631836 0.571899
0.712524 0.61731
0.571899 0.477661
0.61731 0.606079
0.477661 0.522949
0.606079 0.456055
0.522949 0.769287
0.456055 0.397339
0.769287 0.777832
0.397339 0.123779
0.777832 0.522461
0.123779 0.414551
0.522461 0.241089
0.414551 0.494995
0.241089 0.0797119
0.494995 0.776245
0.0797119 0.98877
0.776245 0.0556641
0.98877 0.731934
0.0556641 0.221924
0.731934 0.865723
0.221924 0.595337
0.865723 0.609741
0.595337 0.834229
0.609741 0.917969
0.834229 0.0368652
0.917969 0.133911
0.0368652 0.383789
0.133911 0.625977
0.383789 0.214478
0.625977 0.232788
0.214478 0.789307
0.232788 0.0992432
0.789307 0.436646
0.0992432 0.119385
0.436646 0.148926
0.119385 0.660156
0.148926 0.120117
0.660156 0.211182
0.120117 0.952515
0.211182 0.973511
0.952515 0.758423
0.973511 0.473755
0.758423 0.274048
0.473755 0.296875
0.274048 0.237427
0.296875 0.183716
0.237427 0.617676
0.183716 0.508789
0.617676 0.252319
0.508789 0.449707
0.252319 0.229736
0.449707 0.529907
0.229736 0.0476074
0.529907 0.0471191
0.0476074 0.00561523
0.0471191 0.477295
0.00561523 0.574951
0.477295 0.876709
0.574951 0.529297
0.876709 0.995605
0.529297 0.636719
0.995605 0.127686
0.636719 0.854492
0.127686 0.640625
0.854492 0.459717
0.640625 0.0806885
0.459717 0.859253
0.0806885 0.0454102
0.859253 0.860229
0.0454102 0.128418
0.860229 0.916748
0.128418 0.932983
0.916748 0.313232
0.932983 0.62793
0.313232 0.380493
0.62793 0.345825
0.380493 0.398682
0.345825 0.891968
0.398682 0.826416
0.891968 0.253906
0.826416 0.584595
0.253906 0.696533
0.584595 0.212524
0.696533 0.0667725
0.212524 0.67627
0.0667725 0.489868
0.67627 0.643799
0.489868 0.729492
0.643799 0.0144043
0.729492 0.224487
0.0144043 0.0837402
0.224487 0.118774
0.0837402 0.0970459
0.118774 0.249878
0.0970459 0.242188
0.249878 0.588379
0.242188 0.0183105
0.588379 0.556519
0.0183105 0.309814
0.556519 0.337402
0.309814 0.682617
0.337402 0.029541
0.682617 0.51123
0.029541 0.459839
0.51123 0.0910645
0.459839 0.741333
0.0910645 0.0209961
0.741333 0.78479
0.0209961 0.71521
0.78479 0.800171
0.71521 0.0228271
0.800171 0.94043
0.0228271 0.946167
0.94043 0.43396
0.946167 0.890991
0.43396 0.743408
0.890991 0.197388
0.743408 0.779907
0.197388 0.300171
0.779907 0.517578
0.300171 0.99939
0.517578 0.958374
0.99939 0.47168
0.958374 0.0976562
0.47168 0.301758
0.0976562 0.652466
0.301758 0.466309
0.652466 0.640991
0.466309 0.490845
0.640991 0.726807
0.490845 0.786011
0.726807 0.81897
0.786011 0.62085
0.81897 0.778564
0.62085 0.186035
0.778564 0.814819
0.186035 0.268066
0.814819 0.78833
0.268066 0.0162354
0.78833 0.380127
0.0162354 0.314697
0.380127 0.752441
0.314697 0.96521
0.752441 0.0528564
0.96521 0.493286
0.0528564 0.934326
0.493286 0.427368
0.934326 0.330688
0.427368 0.111938
0.330688 0.515869
0.111938 0.854126
0.515869 0.609497
0.854126 0.813477
0.609497 0.153931
0.813477 0.0856934
0.153931 0.28479
0.0856934 0.210083
0.28479 0.859131
0.210083 0.0350342
0.859131 0.978149
0.0350342 0.152832
0.978149 0.992188
0.152832 0.346191
0.992188 0.42981
0.346191 0.538208
0.42981 0.753174
0.538208 0.0275879
0.753174 0.345215
0.0275879 0.346802
0.345215 0.481689
0.346802 0.948486
0.481689 0.631104
0.948486 0.650269
0.631104 0.279541
0.650269 0.763794
0.279541 0.930298
0.763794 0.0849609
0.930298 0.222534
0.0849609 0.917603
0.222534 0.0057373
0.917603 0.487671
0.0057373 0.457031
0.487671 0.852295
0.457031 0.453857
0.852295 0.58252
0.453857 0.520142
0.58252 0.217407
0.520142 0.481812
0.217407 0.958862
0.481812 0.513184
0.958862 0.625854
0.513184 0.204102
0.625854 0.350708
0.204102 0.813721
0.350708 0.174683
0.813721 0.849731
0.174683 0.235962
0.849731 0.0592041
0.235962 0.032959
0.0592041 0.801758
0.032959 0.157715
0.801758 0.407349
0.157715 0.628784
0.407349 0.453125
0.628784 0.520264
0.453125 0.227783
0.520264 0.363892
0.227783 0.934448
0.363892 0.437744
0.934448 0.212769
0.437744 0.0875244
0.212769 0.44043
0.0875244 0.44104
0.44043 0.49292
0.44104 0.903198
0.49292 0.781128
0.903198 0.403931
0.781128 0.338257
0.403931 0.755249
0.338257 0.203979
0.755249 0.340332
0.203979 0.931641
0.340332 0.199097
0.931641 0.925171
0.199097 0.649048
0.925171 0.175781
0.649048 0.943115
0.175781 0.174561
0.943115 0.839355
0.174561 0.353882
0.839355 0.0836182
0.353882 0.108398
0.0836182 0.214966
0.108398 0.274292
0.214966 0.317627
0.274292 0.00158691
0.317627 0.134888
0.00158691 0.466797
0.134888 0.682495
0.466797 0.019165
0.682495 0.62915
0.019165 0.484253
0.62915 0.166504
0.484253 0.154541
0.166504 0.137573
0.154541 0.695068
0.137573 0.0880127
0.695068 0.481934
0.0880127 0.969238
0.481934 0.395264
0.969238 0.60144
0.395264 0.128662
0.60144 0.9375
0.128662 0.697144
0.9375 0.264404
0.697144 0.477051
0.264404 0.554199
0.477051 0.112671
0.554199 0.578125
0.112671 0.146606
0.578125 0.463013
0.146606 0.36084
0.463013 0.675049
0.36084 0.386108
0.675049 0.82312
0.386108 0.973633
0.82312 0.768799
0.973633 0.355835
0.768799 0.249634
0.355835 0.221436
0.249634 0.824219
0.221436 0.0671387
0.824219 0.707397
0.0671387 0.136108
0.707397 0.570557
0.136108 0.503174
0.570557 0.774902
0.503174 0.874634
0.774902 0.352905
0.874634 0.000610352
0.352905 0.0518799
0.000610352 0.410278
0.0518799 0.877808
0.410278 0.622681
0.877808 0.934204
0.622681 0.416992
0.934204 0.448608
0.416992 0.136353
0.448608 0.591309
0.136353 0.267334
0.591309 0.726074
0.267334 0.723755
0.726074 0.526611
0.723755 0.767334
0.526611 0.231323
0.767334 0.664795
0.231323 0.514404
0.664795 0.729614
0.514404 0.0247803
0.729614 0.106567
0.0247803 0.0593262
0.106567 0.043335
0.0593262 0.683838
0.043335 0.133301
0.683838 0.331909
0.133301 0.215698
0.331909 0.336548
0.215698 0.609985
0.336548 0.85498
0.609985 0.682129
0.85498 0.987915
0.682129 0.98291
0.987915 0.557495
0.98291 0.392822
0.557495 0.393921
0.392822 0.487305
0.393921 0.425903
0.487305 0.206177
0.425903 0.5271
0.206177 0.808838
0.5271 0.759521
0.808838 0.567139
0.759521 0.212646
0.567139 0.0771484
0.212646 0.55835
0.0771484 0.465454
0.55835 0.568359
0.465454 0.316406
0.568359 0.897705
0.316406 0.314209
0.897705 0.710938
0.314209 0.437012
0.710938 0.150513
0.437012 0.795044
0.150513 0.586914
0.795044 0.893677
0.586914 0.97168
0.893677 0.602783
0.97168 0.242798
0.602783 0.640259
0.242798 0.428589
0.640259 0.434448
0.428589 0.932495
0.434448 0.271729
0.932495 0.0997314
0.271729 0.478149
0.0997314 0.647583
0.478149 0.0512695
0.647583 0.358398
0.0512695 0.467529
0.358398 0.744751
0.467529 0.311523
0.744751 0.482666
0.311523 0.0316162
0.482666 0.687622
0.0316162 0.454956
0.687622 0.675903
0.454956 0.45874
0.675903 0.997559
0.45874 0.802734
0.997559 0.240723
0.802734 0.463867
0.240723 0.433472
0.463867 0.849487
0.433472 0.21521
0.849487 0.295044
0.21521 0.0817871
0.295044 0.952637
0.0817871 0.983887
0.952637 0.640503
0.983887 0.449341
0.640503 0.198608
0.449341 0.883667
0.198608 0.12085
0.883667 0.273438
0.12085 0.244995
0.273438 0.827026
0.244995 0.305786
0.827026 0.994873
0.305786 0.574463
0.994873 0.835205
0.574463 0.00109863
0.835205 0.0933838
0.00109863 0.938477
0.0933838 0.780151
0.938477 0.320923
0.780151 0.281738
0.320923 0.950562
0.281738 0.807495
0.950562 0.645386
0.807495 0.86438
0.645386 0.481201
0.86438 0.906982
0.481201 0.102905
0.906982 0.747925
0.102905 0.581299
0.747925 0.416382
0.581299 0.396729
0.416382 0.725952
0.396729 0.713379
0.725952 0.644531
0.713379 0.791748
0.644531 0.306763
0.791748 0.0780029
0.306763 0.630981
0.0780029 0.639893
0.630981 0.397461
0.639893 0.788208
0.397461 0.00585938
0.788208 0.498047
0.00585938 0.339111
0.498047 0.827881
0.339111 0.378418
0.827881 0.169434
0.378418 0.403564
0.169434 0.307129
0.403564 0.109131
0.307129 0.277222
0.109131 0.56665
0.277222 0.171143
0.56665 0.548828
0.171143 0.656006
0.548828 0.767212
0.656006 0.220947
0.767212 0.782715
0.220947 0.538818
0.782715 0.805054
0.538818 0.437866
0.805054 0.223145
0.437866 0.969482
0.223145 0.416016
0.969482 0.365601
0.416016 0.079834
0.365601 0.786621
0.079834 0.87085
0.786621 0.03125
0.87085 0.656494
0.03125 0.808716
0.656494 0.749146
0.808716 0.685059
0.749146 0.237061
0.685059 0.152588
0.237061 0.971436
0.152588 0.582031
0.971436 0.478638
0.582031 0.689087
0.478638 0.579468
0.689087 0.260742
0.579468 0.165771
0.260742 0.0922852
0.165771 0.845093
0.0922852 0.841553
0.845093 0.540649
0.841553 0.960693
0.540649 0.668823
0.960693 0.856812
0.668823 0.837769
0.856812 0.218994
0.837769 0.616699
0.218994 0.425781
0.616699 0.195801
0.425781 0.64502
0.195801 0.833252
0.64502 0.834961
0.833252 0.980225
0.834961 0.329224
0.980225 0.987305
0.329224 0.93103
0.987305 0.147217
0.93103 0.514893
0.147217 0.771118
0.514893 0.552979
0.771118 0.00891113
0.552979 0.757446
0.00891113 0.390747
0.757446 0.217529
0.390747 0.492188
0.217529 0.840942
0.492188 0.48877
0.840942 0.550415
0.48877 0.790894
0.550415 0.234131
0.790894 0.903442
0.234131 0.80188
0.903442 0.168091
0.80188 0.289429
0.168091 0.60437
0.289429 0.377686
0.60437 0.107178
0.377686 0.111206
0.107178 0.453613
0.111206 0.561768
0.453613 0.755981
0.561768 0.266235
0.755981 0.63269
0.266235 0.785156
0.63269 0.746338
0.785156 0.446411
0.746338 0.949463
0.446411 0.714111
0.949463 0.706787
0.714111 0.0842285
0.706787 0.160278
0.0842285 0.625244
0.160278 0.152222
0.625244 0.940308
0.152222 0.935791
0.940308 0.55188
0.935791 0.915405
0.55188 0.818848
0.915405 0.610474
0.818848 0.896484
0.610474 0.210449
0.896484 0.890259
0.210449 0.681152
0.890259 0.904907
0.681152 0.926392
0.904907 0.752808
0.926392 0.996338
0.752808 0.698975
0.996338 0.420044
0.698975 0.708008
0.420044 0.187988
0.708008 0.980835
0.187988 0.381104
0.980835 0.397705
0.381104 0.80896
0.397705 0.769897
0.80896 0.449219
0.769897 0.188232
0.449219 0.00170898
0.188232 0.145264
0.00170898 0.348877
0.145264 0.658081
0.348877 0.943604
0.658081 0.216064
0.943604 0.367676
0.216064 0.256226
0.367676 0.781738
0.256226 0.455811
0.781738 0.748535
0.455811 0.633179
0.748535 0.82666
0.633179 0.274658
0.82666 0.348755
0.274658 0.647705
0.348755 0.0616455
0.647705 0.240479
0.0616455 0.443115
0.240479 0.669312
0.443115 0.898315
0.669312 0.366089
0.898315 0.121338
0.366089 0.314941
0.121338 0.773193
0.314941 0.72937
0.773193 0.00402832
0.72937 0.342407
0.00402832 0.108154
0.342407 0.194214
0.108154 0.510132
0.194214 0.366455
0.510132 0.152466
0.366455 0.96106
0.152466 0.699951
0.96106 0.503052
0.699951 0.764526
0.503052 0.992554
0.764526 0.377319
0.992554 0.0760498
0.377319 0.464966
0.0760498 0.526855
0.464966 0.788086
0.526855 0.995361
0.788086 0.615967
0.995361 0.363525
0.615967 0.90332
0.363525 0.791504
0.90332 0.286011
0.791504 0.313843
0.286011 0.67981
0.313843 0.790771
0.67981 0.223755
0.790771 0.0214844
0.223755 0.826294
0.0214844 0.24353
0.826294 0.702515
0.24353 0.720947
0.702515 0.287964
0.720947 0.479858
0.287964 0.792847
0.479858 0.400146
0.792847 0.0166016
0.400146 0.411255
0.0166016 0.960815
0.411255 0.679199
0.960815 0.738892
0.679199 0.813354
0.738892 0.143555
0.813354 0.203613
0.143555 0.309204
0.203613 0.285522
0.309204 0.272339
0.285522 0.151611
0.272339 0.888428
0.151611 0.525513
0.888428 0.67395
0.525513 0.292725
0.67395 0.884521
0.292725 0.193481
0.884521 0.447876
0.193481 0.0740967
0.447876 0.29895
0.0740967 0.413818
0.29895 0.178833
0.413818 0.202637
0.178833 0.226196
0.202637 0.229004
0.226196 0.467651
0.229004 0.755127
0.467651 0.193604
0.755127 0.458252
0.193604 0.956055
0.458252 0.274536
0.956055 0.338379
0.274536 0.765625
0.338379 0.0860596
0.765625 0.315918
0.0860596 0.856201
0.315918 0.785889
0.856201 0.808594
0.785889 0.73877
0.808594 0.802979
0.73877 0.261475
0.802979 0.228027
0.261475 0.384644
0.228027 0.698608
0.384644 0.388916
0.698608 0.0618896
0.388916 0.26123
0.0618896 0.207275
0.26123 0.620483
0.207275 0.747437
0.620483 0.539795
0.747437 0.888062
0.539795 0.494385
0.888062 0.027832
0.494385 0.365967
0.027832 0.110962
0.365967 0.432861
0.110962 0.797607
0.432861 0.80481
0.797607 0.417114
0.80481 0.458984
0.417114 0.0184326
0.458984 0.566895
0.0184326 0.191895
0.566895 0.312988
0.191895 0.607178
0.312988 0.616333
0.607178 0.394653
0.616333 0.549561
0.394653 0.718262
0.549561 0.0596924
0.718262 0.0744629
0.0596924 0.330078
0.0744629 0.0600586
0.330078 0.105591
0.0600586 0.976196
0.105591 0.986694
0.976196 0.87915
0.986694 0.736816
0.87915 0.636963
0.736816 0.148438
0.636963 0.618652
0.148438 0.591797
0.618652 0.308838
0.591797 0.254395
0.308838 0.626099
0.254395 0.224854
0.626099 0.114868
0.224854 0.764893
0.114868 0.0238037
0.764893 0.0235596
0.0238037 0.00280762
0.0235596 0.238647
0.00280762 0.287476
0.238647 0.438354
0.287476 0.264648
0.438354 0.497803
0.264648 0.318359
0.497803 0.0638428
0.318359 0.427246
0.0638428 0.320312
0.427246 0.229858
0.320312 0.540283
0.229858 0.929565
0.540283 0.0227051
0.929565 0.930054
0.0227051 0.064209
0.930054 0.458374
0.064209 0.966431
0.458374 0.156616
0.966431 0.313965
0.156616 0.690186
0.313965 0.672852
0.690186 0.199341
0.672852 0.945923
0.199341 0.413208
0.945923 0.126953
0.413208 0.792236
0.126953 0.348267
0.792236 0.606201
0.348267 0.533325
0.606201 0.338135
0.533325 0.744873
0.338135 0.321899
0.744873 0.364746
0.321899 0.00720215
0.364746 0.612183
0.00720215 0.0418701
0.612183 0.559326
0.0418701 0.548462
0.559326 0.624878
0.548462 0.121094
0.624878 0.294189
0.121094 0.00915527
0.294189 0.778198
0.00915527 0.154907
0.778198 0.168701
0.154907 0.341309
0.168701 0.0147705
0.341309 0.255615
0.0147705 0.729858
0.255615 0.0455322
0.729858 0.870605
0.0455322 0.010498
0.870605 0.892334
0.010498 0.857544
0.892334 0.900024
0.857544 0.511353
0.900024 0.470215
0.511353 0.973022
0.470215 0.716919
0.973022 0.945435
0.716919 0.371704
0.945435 0.598633
0.371704 0.889893
0.598633 0.650024
0.889893 0.258789
0.650024 0.999634
0.258789 0.979126
0.999634 0.23584
0.979126 0.0488281
0.23584 0.150879
0.0488281 0.826172
0.150879 0.233154
0.826172 0.820435
0.233154 0.745361
0.820435 0.363403
0.745361 0.892944
0.363403 0.909424
0.892944 0.310425
0.909424 0.389282
0.310425 0.0930176
0.389282 0.907349
0.0930176 0.134033
0.907349 0.394165
0.134033 0.508057
0.394165 0.190063
0.508057 0.157349
0.190063 0.376221
0.157349 0.982544
0.376221 0.526367
0.982544 0.746582
0.526367 0.467163
0.746582 0.713623
0.467163 0.665283
0.713623 0.555908
0.665283 0.257935
0.555908 0.927002
0.257935 0.804688
0.927002 0.406738
0.804688 0.576904
0.406738 0.0428467
0.576904 0.642334
0.0428467 0.60498
0.642334 0.429565
0.60498 0.517456
0.429565 0.989014
0.517456 0.076416
0.989014 0.496094
0.076416 0.173096
0.496094 0.714844
0.173096 0.769043
0.714844 0.376587
0.769043 0.0137939
0.376587 0.172607
0.0137939 0.67334
0.172607 0.240845
0.67334 0.474243
0.240845 0.315552
0.474243 0.825073
0.315552 0.139771
0.825073 0.881836
0.139771 0.965088
0.881836 0.0424805
0.965088 0.611206
0.0424805 0.95874
0.611206 0.502808
0.95874 0.743774
0.502808 0.228516
0.743774 0.426147
0.228516 0.226929
0.426147 0.29126
0.226929 0.76001
0.29126 0.608643
0.76001 0.740845
0.608643 0.97937
0.740845 0.256592
0.97937 0.812866
0.256592 0.102051
0.812866 0.675293
0.102051 0.40686
0.675293 0.58728
0.40686 0.924805
0.58728 0.61792
0.924805 0.529541
0.61792 0.0164795
0.529541 0.400879
0.0164795 0.0788574
0.400879 0.703613
0.0788574 0.814331
0.703613 0.226562
0.814331 0.260132
0.226562 0.113892
0.260132 0.681885
0.113892 0.967163
0.681885 0.218872
0.967163 0.606323
0.218872 0.543701
0.606323 0.220215
0.543701 0.720459
0.220215 0.24646
0.720459 0.951538
0.24646 0.890503
0.951538 0.701904
0.890503 0.669067
0.701904 0.877563
0.669067 0.601929
0.877563 0.170166
0.601929 0.46582
0.170166 0.599487
0.46582 0.962524
0.599487 0.824463
0.962524 0.0878906
0.824463 0.471558
0.0878906 0.0872803
0.471558 0.419678
0.0872803 0.67688
0.419678 0.541748
0.67688 0.0541992
0.541748 0.607422
0.0541992 0.637085
0.607422 0.158813
0.637085 0.500732
0.158813 0.567383
0.500732 0.233398
0.567383 0.841187
0.233398 0.509521
0.841187 0.314575
0.509521 0.742065
0.314575 0.083252
0.742065 0.0772705
0.083252 0.568726
0.0772705 0.347534
0.568726 0.543945
0.347534 0.240967
0.543945 0.484619
0.240967 0.197632
0.484619 0.800659
0.197632 0.0643311
0.800659 0.46875
0.0643311 0.848511
0.46875 0.132202
0.848511 0.238525
0.132202 0.2771
0.238525 0.556274
0.2771 0.289062
0.556274 0.573242
0.289062 0.731445
0.573242 0.18042
0.731445 0.337524
0.18042 0.692993
0.337524 0.911499
0.692993 0.486816
0.911499 0.384399
0.486816 0.677856
0.384399 0.624756
0.677856 0.110718
0.624756 0.412109
0.110718 0.0335693
0.412109 0.853638
0.0335693 0.567993
0.853638 0.285278
0.567993 0.251587
0.285278 0.387451
0.251587 0.937256
0.387451 0.676392
0.937256 0.500244
0.676392 0.525879
0.500244 0.705078
0.525879 0.938843
0.705078 0.811279
0.938843 0.967041
0.811279 0.208496
0.967041 0.724243
0.208496 0.568115
0.724243 0.295654
0.568115 0.133667
0.295654 0.363037
0.133667 0.861816
0.363037 0.263306
0.861816 0.383667
0.263306 0.615601
0.383667 0.332397
0.615601 0.257202
0.332397 0.864746
0.257202 0.512329
0.864746 0.553223
0.512329 0.0296631
0.553223 0.521606
0.0296631 0.341919
0.521606 0.0666504
0.341919 0.665894
0.0666504 0.607788
0.665894 0.668213
0.607788 0.804932
0.668213 0.42749
0.804932 0.341064
0.42749 0.993896
0.341064 0.491455
0.993896 0.778687
0.491455 0.196411
0.778687 0.696899
0.196411 0.243652
0.696899 0.712891
0.243652 0.603027
0.712891 0.26355
0.603027 0.404419
0.26355 0.379761
0.404419 0.283569
0.379761 0.106323
0.283569 0.0385742
0.106323 0.279175
0.0385742 0.732666
0.279175 0.28418
0.732666 0.158203
0.28418 0.448853
0.158203 0.157104
0.448853 0.355469
0.157104 0.218506
0.355469 0.575195
0.218506 0.897461
0.575195 0.293457
0.897461 0.946777
0.293457 0.48584
0.946777 0.301392
0.48584 0.621338
0.301392 0.820068
0.621338 0.714233
0.820068 0.717163
0.714233 0.966187
0.717163 0.135864
0.966187 0.549805
0.135864 0.739014
0.549805 0.82373
0.739014 0.0256348
0.82373 0.179199
0.0256348 0.233765
0.179199 0.872314
0.233765 0.155762
0.872314 0.241333
0.155762 0.515747
0.241333 0.84375
0.515747 0.727417
0.84375 0.837891
0.727417 0.22937
0.837891 0.498779
0.22937 0.401367
0.498779 0.120361
0.401367 0.231934
0.120361 0.716675
0.231934 0.924683
0.716675 0.607544
0.924683 0.647461
0.607544 0.0408936
0.647461 0.476318
0.0408936 0.491943
0.476318 0.82019
0.491943 0.724609
0.82019 0.599243
0.724609 0.941772
0.599243 0.0604248
0.941772 0.136719
0.0604248 0.622437
0.136719 0.913452
0.622437 0.652832
0.913452 0.497437
0.652832 0.287231
0.497437 0.417603
0.287231 0.500488
0.417603 0.546631
0.500488 0.469238
0.546631 0.890015
0.469238 0.6604
0.890015 0.140869
0.6604 0.97522
0.140869 0.903687
0.97522 0.822632
0.903687 0.932129
0.822632 0.240601
0.932129 0.453491
0.240601 0.551392
0.453491 0.873901
0.551392 0.290649
0.873901 0.70813
0.290649 0.198364
0.70813 0.862915
0.198364 0.356689
0.862915 0.322266
0.356689 0.395874
0.322266 0.65332
0.395874 0.53894
0.65332 0.81543
0.53894 0.319946
0.81543 0.19873
0.319946 0.894043
0.19873 0.00292969
0.894043 0.249023
0.00292969 0.169556
0.249023 0.41394
0.169556 0.189209
0.41394 0.0847168
0.189209 0.201782
0.0847168 0.153564
0.201782 0.0545654
0.153564 0.63855
0.0545654 0.283325
0.63855 0.0855713
0.283325 0.274414
0.0855713 0.328003
0.274414 0.883545
0.328003 0.110474
0.883545 0.391357
0.110474 0.269409
0.391357 0.902466
0.269409 0.718872
0.902466 0.111572
0.718872 0.484741
0.111572 0.208008
0.484741 0.682739
0.208008 0.039917
0.682739 0.393311
0.039917 0.435425
0.393311 0.015625
0.435425 0.328247
0.015625 0.904297
0.328247 0.874512
0.904297 0.342529
0.874512 0.11853
0.342529 0.0762939
0.11853 0.485718
0.0762939 0.291016
0.485718 0.739258
0.291016 0.844482
0.739258 0.789673
0.844482 0.130371
0.789673 0.0828857
0.130371 0.0461426
0.0828857 0.922485
0.0461426 0.420776
0.922485 0.770264
0.420776 0.480347
0.770264 0.834351
0.480347 0.928345
0.834351 0.918823
0.928345 0.109497
0.918823 0.30835
0.109497 0.212891
0.30835 0.0979004
0.212891 0.32251
0.0979004 0.416626
0.32251 0.41748
0.416626 0.490112
0.41748 0.664551
0.490112 0.493652
0.664551 0.965454
0.493652 0.0736084
0.965454 0.257446
0.0736084 0.885498
0.257446 0.276489
0.885498 0.504395
0.276489 0.878662
0.504395 0.695312
0.878662 0.108765
0.695312 0.246094
0.108765 0.92041
0.246094 0.244385
0.92041 0.775146
0.244385 0.895386
0.775146 0.117065
0.895386 0.95166
0.117065 0.900879
0.95166 0.583984
0.900879 0.644653
0.583984 0.802124
0.644653 0.188843
0.802124 0.0535889
0.188843 0.555542
0.0535889 0.226807
0.555542 0.280884
0.226807 0.87793
0.280884 0.633057
0.87793 0.816284
0.633057 0.392578
0.816284 0.373169
0.392578 0.723145
0.373169 0.474731
0.723145 0.357056
0.474731 0.353394
0.357056 0.0421143
0.353394 0.580078
0.0421143 0.312622
0.580078 0.57605
0.312622 0.970093
0.57605 0.467896
0.970093 0.775879
0.467896 0.957642
0.775879 0.409424
0.957642 0.805176
0.409424 0.448242
0.805176 0.105225
0.448242 0.945068
0.105225 0.340576
0.945068 0.952393
0.340576 0.963135
0.952393 0.876343
0.963135 0.498169
0.876343 0.349487
0.498169 0.709961
0.349487 0.354004
0.709961 0.0939941
0.354004 0.990356
0.0939941 0.190552
0.990356 0.198853
0.190552 0.904419
0.198853 0.884888
0.904419 0.224609
0.884888 0.0941162
0.224609 0.000854492
0.0941162 0.0726318
0.000854492 0.174438
0.0726318 0.828979
0.174438 0.471802
0.828979 0.108032
0.471802 0.183838
0.108032 0.628052
0.183838 0.390869
0.628052 0.227905
0.390869 0.374268
0.227905 0.816528
0.374268 0.41333
0.816528 0.137329
0.41333 0.674316
0.137329 0.323853
0.674316 0.530762
0.323853 0.120239
0.530762 0.221558
0.120239 0.834595
0.221558 0.949097
0.834595 0.682983
0.949097 0.0606689
0.682983 0.157471
0.0606689 0.386597
0.157471 0.864624
0.386597 0.501953
0.864624 0.671143
0.501953 0.0540771
0.671143 0.597046
0.0540771 0.755005
0.597046 0.183228
0.755005 0.576172
0.183228 0.980469
0.576172 0.349976
0.980469 0.751465
0.349976 0.882202
0.751465 0.996216
0.882202 0.688599
0.996216 0.537964
0.688599 0.732422
0.537964 0.263428
0.732422 0.394043
0.263428 0.497681
0.394043 0.307983
0.497681 0.181763
0.307983 0.45166
0.181763 0.395752
0.45166 0.642944
0.395752 0.65686
0.642944 0.839844
0.65686 0.395386
0.839844 0.611816
0.395386 0.0107422
0.611816 0.913086
0.0107422 0.621704
0.913086 0.851196
0.621704 0.360474
0.851196 0.643921
0.360474 0.739868
0.643921 0.896362
0.739868 0.200073
0.896362 0.00830078
0.200073 0.705566
0.00830078 0.980347
0.705566 0.3396
0.980347 0.869385
0.3396 0.906616
0.869385 0.0717773
0.906616 0.101807
0.0717773 0.654541
0.101807 0.6427
0.654541 0.636108
0.6427 0.0758057
0.636108 0.444214
0.0758057 0.762695
0.444214 0.836914
0.762695 0.146362
0.836914 0.442261
0.146362 0.59668
0.442261 0.723877
0.59668 0.536987
0.723877 0.649414
0.536987 0.206909
0.649414 0.589355
0.206909 0.101318
0.589355 0.613037
0.101318 0.114502
0.613037 0.733765
0.114502 0.377563
0.733765 0.0968018
0.377563 0.229126
0.0968018 0.478027
0.229126 0.637207
0.478027 0.169189
0.637207 0.382812
0.169189 0.542969
0.382812 0.157959
0.542969 0.428101
0.157959 0.392944
0.428101 0.404297
0.392944 0.369385
0.404297 0.401489
0.369385 0.130737
0.401489 0.114014
0.130737 0.692261
0.114014 0.849243
0.692261 0.194458
0.849243 0.530884
0.194458 0.130615
0.530884 0.103638
0.130615 0.810181
0.103638 0.873657
0.810181 0.269897
0.873657 0.94397
0.269897 0.247192
0.94397 0.013916
0.247192 0.182983
0.013916 0.55542
0.182983 0.216431
0.55542 0.398804
0.216431 0.902344
0.398804 0.708496
0.902344 0.229492
0.708496 0.509155
0.229492 0.283447
0.509155 0.0959473
0.283447 0.156494
0.0959473 0.303589
0.156494 0.808105
0.303589 0.697266
0.808105 0.27478
0.697266 0.359131
0.27478 0.529785
0.359131 0.0372314
0.529785 0.165039
0.0372314 0.0300293
0.165039 0.552734
0.0300293 0.988037
0.552734 0.993286
0.988037 0.439575
0.993286 0.368408
0.439575 0.318481
0.368408 0.0742188
0.318481 0.309326
0.0742188 0.295898
0.309326 0.154419
0.295898 0.127197
0.154419 0.812988
0.127197 0.112427
0.812988 0.557373
0.112427 0.382446
0.557373 0.511841
0.382446 0.511719
0.511841 0.501343
0.511719 0.619263
0.501343 0.643677
0.619263 0.719116
0.643677 0.132324
0.719116 0.248901
0.132324 0.15918
0.248901 0.53186
0.15918 0.213623
0.53186 0.160156
0.213623 0.614868
0.160156 0.270142
0.614868 0.964722
0.270142 0.0113525
0.964722 0.964966
0.0113525 0.0321045
0.964966 0.729126
0.0321045 0.983154
0.729126 0.578247
0.983154 0.156982
0.578247 0.345093
0.156982 0.336426
0.345093 0.599609
0.336426 0.9729
0.599609 0.706543
0.9729 0.0634766
0.706543 0.396118
0.0634766 0.674072
0.396118 0.303101
0.674072 0.766602
0.303101 0.169067
0.766602 0.372437
0.169067 0.660889
0.372437 0.182373
0.660889 0.50354
0.182373 0.80603
0.50354 0.520874
0.80603 0.279663
0.520874 0.77417
0.279663 0.812378
0.77417 0.0605469
0.812378 0.147095
0.0605469 0.504517
0.147095 0.889038
0.504517 0.577393
0.889038 0.0843506
0.577393 0.170654
0.0843506 0.507324
0.170654 0.127808
0.507324 0.864868
0.127808 0.522705
0.864868 0.435303
0.522705 0.00524902
0.435303 0.446167
0.00524902 0.928711
0.446167 0.949951
0.928711 0.755615
0.949951 0.235107
0.755615 0.98645
0.235107 0.858398
0.98645 0.972656
0.858398 0.685791
0.972656 0.299316
0.685791 0.444946
0.299316 0.824951
0.444946 0.129395
0.824951 0.999756
0.129395 0.989502
0.999756 0.11792
0.989502 0.0244141
0.11792 0.0754395
0.0244141 0.413086
0.0754395 0.116577
0.413086 0.910156
0.116577 0.372681
0.910156 0.681641
0.372681 0.946411
0.681641 0.454712
0.946411 0.655151
0.454712 0.69458
0.655151 0.0465088
0.69458 0.953613
0.0465088 0.0670166
0.953613 0.697021
0.0670166 0.254028
0.697021 0.594971
0.254028 0.578613
0.594971 0.18811
0.578613 0.991211
0.18811 0.263184
0.991211 0.373291
0.263184 0.733521
0.373291 0.356812
0.733521 0.332642
0.356812 0.277954
0.332642 0.628906
0.277954 0.463501
0.628906 0.402344
0.463501 0.203369
0.402344 0.288452
0.203369 0.521362
0.288452 0.321167
0.521362 0.30249
0.321167 0.714722
0.30249 0.758667
0.714722 0.494507
0.758667 0.038208
0.494507 0.248047
0.038208 0.0865479
0.248047 0.357422
0.0865479 0.384521
0.357422 0.688232
0.384521 0.506836
0.688232 0.0863037
0.506836 0.33667
0.0863037 0.620361
0.33667 0.737061
0.620361 0.657715
0.737061 0.912476
0.657715 0.569824
0.912476 0.440918
0.569824 0.482544
0.440918 0.0212402
0.482544 0.805542
0.0212402 0.47937
0.805542 0.751343
0.47937 0.871826
0.751343 0.114258
0.871826 0.713013
0.114258 0.613403
0.713013 0.14563
0.613403 0.380005
0.14563 0.304321
0.380005 0.870361
0.304321 0.989624
0.870361 0.128296
0.989624 0.906372
0.128296 0.0510254
0.906372 0.337646
0.0510254 0.703369
0.337646 0.793579
0.703369 0.462402
0.793579 0.30896
0.462402 0.264771
0.30896 0.508179
0.264771 0.200439
0.508179 0.0394287
0.200439 0.351807
0.0394287 0.907104
0.351807 0.113281
0.907104 0.630005
0.113281 0.556885
0.630005 0.340942
0.556885 0.983521
0.340942 0.609375
0.983521 0.803101
0.609375 0.271851
0.803101 0.110107
0.271851 0.360229
0.110107 0.623169
0.360229 0.975708
0.623169 0.94519
0.975708 0.350952
0.94519 0.834473
0.350952 0.938721
0.834473 0.800903
0.938721 0.085083
0.800903 0.23291
0.085083 0.799683
0.23291 0.981201
0.799683 0.412231
0.981201 0.0439453
0.412231 0.735718
0.0439453 0.543579
0.735718 0.209839
0.543579 0.838379
0.209839 0.270874
0.838379 0.0270996
0.270874 0.303711
0.0270996 0.818481
0.303711 0.579346
0.818481 0.250366
0.579346 0.283691
0.250366 0.116699
0.283691 0.920532
0.116699 0.254761
0.920532 0.657227
0.254761 0.870972
0.657227 0.041626
0.870972 0.538574
0.041626 0.784302
0.538574 0.673706
0.784302 0.271973
0.673706 0.120483
0.271973 0.24231
0.120483 0.598755
0.24231 0.900269
0.598755 0.532104
0.900269 0.234375
0.532104 0.924194
0.234375 0.56604
0.924194 0.119263
0.56604 0.13855
0.119263 0.778076
0.13855 0.144531
0.778076 0.286621
0.144531 0.365723
0.286621 0.09021
0.365723 0.668701
0.09021 0.846436
0.668701 0.955688
0.846436 0.243408
0.955688 0.692139
0.243408 0.838867
0.692139 0.312378
0.838867 0.555298
0.312378 0.206055
0.555298 0.516724
0.206055 0.926758
0.516724 0.783936
0.926758 0.642578
0.783936 0.625732
0.642578 0.193726
0.625732 0.468628
0.193726 0.838135
0.468628 0.250122
0.838135 0.262939
0.250122 0.352539
0.262939 0.96936
0.352539 0.40564
0.96936 0.483521
0.40564 0.104248
0.483521 0.862061
0.104248 0.284058
0.862061 0.147827
0.284058 0.566772
0.147827 0.181519
0.566772 0.430908
0.181519 0.631592
0.430908 0.691772
0.631592 0.807739
0.691772 0.666138
0.807739 0.62854
0.666138 0.432373
0.62854 0.756104
0.432373 0.276611
0.756104 0.514771
0.276611 0.760742
0.514771 0.670898
0.760742 0.0333252
0.670898 0.832886
0.0333252 0.803833
0.832886 0.334106
0.803833 0.402466
0.334106 0.213745
0.402466 0.170532
0.213745 0.496948
0.170532 0.245728
0.496948 0.889282
0.245728 0.598145
0.889282 0.848389
0.598145 0.121826
0.848389 0.356445
0.121826 0.301514
0.356445 0.631714
0.301514 0.702148
0.631714 0.689819
0.702148 0.641724
0.689819 0.553101
0.641724 0.0192871
0.553101 0.639526
0.0192871 0.366333
0.639526 0.14209
0.366333 0.0791016
0.14209 0.724365
0.0791016 0.578491
0.724365 0.177734
0.578491 0.109253
0.177734 0.287598
0.109253 0.44873
0.287598 0.146729
0.44873 0.473389
0.146729 0.24292
0.473389 0.650635
0.24292 0.310669
0.650635 0.410034
0.310669 0.857056
0.410034 0.858521
0.857056 0.983032
0.858521 0.567871
0.983032 0.274902
0.567871 0.369507
0.274902 0.411865
0.369507 0.0128174
0.411865 0.0895996
0.0128174 0.616821
0.0895996 0.436157
0.616821 0.0778809
0.436157 0.620605
0.0778809 0.757812
0.620605 0.421875
0.757812 0.863647
0.421875 0.418945
0.863647 0.614624
0.418945 0.24939
0.614624 0.200684
0.24939 0.0601807
0.200684 0.115967
0.0601807 0.858276
0.115967 0.96228
0.858276 0.803711
0.96228 0.32373
0.803711 0.520386
0.32373 0.238159
0.520386 0.245972
0.238159 0.910034
0.245972 0.362305
0.910034 0.799561
0.362305 0.970825
0.799561 0.530151
0.970825 0.0683594
0.530151 0.811157
0.0683594 0.956665
0.811157 0.326416
0.956665 0.748657
0.326416 0.643555
0.748657 0.70874
0.643555 0.250244
0.70874 0.273315
0.250244 0.234619
0.273315 0.944946
0.234619 0.3302
0.944946 0.0704346
0.3302 0.987549
0.0704346 0.951782
