1.03097e-05 0.0121318
0.0121318 0.28225
0.28225 0.850681
0.850681 0.547522
0.547522 0.765969
0.765969 0.730861
0.730861 0.460967
0.460967 0.208291
0.208291 0.345714
0.345714 0.674989
0.674989 0.986911
0.986911 0.879693
0.879693 0.979709
0.979709 0.318271
0.318271 0.671221
0.671221 0.0863124
0.0863124 0.474583
0.474583 0.595613
0.595613 0.216423
0.216423 0.497946
0.497946 0.833973
0.833973 0.0890158
0.0890158 0.980204
0.980204 0.244057
0.244057 0.884196
0.884196 0.885076
0.885076 0.36751
0.36751 0.89575
0.89575 0.740959
0.740959 0.192033
0.192033 0.337721
0.337721 0.543447
0.543447 0.621454
0.621454 0.750179
0.750179 0.638714
0.638714 0.09435
0.09435 0.0163614
0.0163614 0.858539
0.858539 0.356448
0.356448 0.44331
0.44331 0.213924
0.213924 0.951301
0.951301 0.800775
0.800775 0.760651
0.760651 0.980413
0.980413 0.862035
0.862035 0.759141
0.759141 0.326496
0.326496 0.426243
0.426243 0.404012
0.404012 0.109668
0.109668 0.297681
0.297681 0.467097
0.467097 0.452618
0.452618 0.394554
0.394554 0.622884
0.622884 0.722024
0.722024 0.204893
0.204893 0.903016
0.903016 0.683451
0.683451 0.479556
0.479556 0.487776
0.487776 0.257282
0.257282 0.211901
0.211901 0.234271
0.234271 0.20245
0.20245 0.201754
0.201754 0.143858
0.143858 0.51638
0.51638 0.912194
0.912194 0.409751
0.409751 0.356276
0.356276 0.82949
0.82949 0.0610704
0.0610704 0.892886
0.892886 0.348198
0.348198 0.842152
0.842152 0.0770591
0.0770591 0.038047
0.038047 0.14429
0.14429 0.699711
0.699711 0.404358
0.404358 0.558672
0.558672 0.51767
0.51767 0.518876
0.518876 0.479735
0.479735 0.411548
0.411548 0.59434
0.59434 0.39823
0.39823 0.473879
0.473879 0.617169
0.617169 0.493573
0.493573 0.99282
0.99282 0.163211
0.163211 0.924676
0.924676 0.5672
0.5672 0.711491
0.711491 0.125305
0.125305 0.866329
0.866329 0.360922
0.360922 0.687928
0.687928 0.325414
0.325414 0.0670597
0.0670597 0.934661
0.934661 0.077963
0.077963 0.34276
0.34276 0.117807
0.117807 0.916424
0.916424 0.339232
0.339232 0.804199
0.804199 0.014767
0.014767 0.840411
0.840411 0.376852
0.376852 0.850895
0.850895 0.45549
0.45549 0.865988
0.865988 0.8943
0.8943 0.846051
0.846051 0.937361
0.937361 0.38425
0.38425 0.00840035
0.00840035 0.784273
0.784273 0.131604
0.131604 0.272982
0.272982 0.144224
0.144224 0.25902
0.25902 0.298505
0.298505 0.496733
0.496733 0.768972
0.768972 0.632005
0.632005 0.437322
0.437322 0.823202
0.823202 0.0136779
0.0136779 0.81489
0.81489 0.506808
0.506808 0.0758372
0.0758372 0.477741
0.477741 0.849398
0.849398 0.724269
0.724269 0.919058
0.919058 0.363318
0.363318 0.0930984
0.0930984 0.988577
0.988577 0.233968
0.233968 0.629844
0.629844 0.747761
0.747761 0.545059
0.545059 0.28857
0.28857 0.889415
0.889415 0.906963
0.906963 0.866399
0.866399 0.165035
0.165035 0.653052
0.653052 0.305392
0.305392 0.146755
0.146755 0.162759
0.162759 0.391517
0.391517 0.293833
0.293833 0.487309
0.487309 0.106364
0.106364 0.200089
0.200089 0.75824
0.75824 0.924947
0.924947 0.258283
0.258283 0.598064
0.598064 0.255633
0.255633 0.0783078
0.0783078 0.566305
0.566305 0.560819
0.560819 0.463785
0.463785 0.937532
0.937532 0.0999734
0.0999734 0.0487142
0.0487142 0.905948
0.905948 0.849725
0.849725 0.971987
0.971987 0.213971
0.213971 0.393973
0.393973 0.382202
0.382202 0.986844
0.986844 0.355534
0.355534 0.482286
0.482286 0.572408
0.572408 0.434635
0.434635 0.544344
0.544344 0.266232
0.266232 0.451874
0.451874 0.117362
0.117362 0.812246
0.812246 0.957214
0.957214 0.99402
0.99402 0.363447
0.363447 0.597865
0.597865 0.915922
0.915922 0.055431
0.055431 0.897205
0.897205 0.607736
0.607736 0.418269
0.418269 0.340109
0.340109 0.673323
0.673323 0.675441
0.675441 0.177158
0.177158 0.110802
0.110802 0.372379
0.372379 0.0947064
0.0947064 0.790195
0.790195 0.400454
0.400454 0.460155
0.460155 0.598082
0.598082 0.739139
0.739139 0.231677
0.231677 0.615961
0.615961 0.0362898
0.0362898 0.293565
0.293565 0.742314
0.742314 0.713186
0.713186 0.732289
0.732289 0.183186
0.183186 0.903592
0.903592 0.552516
0.552516 0.798793
0.798793 0.672395
0.672395 0.0225611
0.0225611 0.64291
0.64291 0.53624
0.53624 0.622193
0.622193 0.997408
0.997408 0.67029
0.67029 0.449514
0.449514 0.372695
0.372695 0.20579
0.20579 0.442822
0.442822 0.410581
0.410581 0.931705
0.931705 0.15407
0.15407 0.574309
0.574309 0.502494
0.502494 0.241703
0.241703 0.896768
0.896768 0.781999
0.781999 0.523958
0.523958 0.0644552
0.0644552 0.990925
0.990925 0.0128605
0.0128605 0.200935
0.200935 0.163168
0.163168 0.305704
0.305704 0.204397
0.204397 0.377015
0.377015 0.990281
0.990281 0.054368
0.054368 0.171412
0.171412 0.567633
0.567633 0.0978553
0.0978553 0.331396
0.331396 0.271607
0.271607 0.340829
0.340829 0.265929
0.265929 0.170385
0.170385 0.197687
0.197687 0.258807
0.258807 0.746315
0.746315 0.756348
0.756348 0.666245
0.666245 0.329197
0.329197 0.786987
0.786987 0.642047
0.642047 0.292665
0.292665 0.52371
0.52371 0.131768
0.131768 0.727555
0.727555 0.202046
0.202046 0.496327
0.496327 0.0371203
0.0371203 0.0651297
0.0651297 0.858583
0.858583 0.750791
0.750791 0.869086
0.869086 0.056553
0.056553 0.682381
0.682381 0.450201
0.450201 0.0697679
0.0697679 0.453526
0.453526 0.881888
0.881888 0.413106
0.413106 0.942067
0.942067 0.847937
0.847937 0.340788
0.340788 0.432247
0.432247 0.261487
0.261487 0.744204
0.744204 0.810044
0.810044 0.458732
0.458732 0.801217
0.801217 0.958355
0.958355 0.329592
0.329592 0.0939881
0.0939881 0.046564
0.046564 0.841295
0.841295 0.0137119
0.0137119 0.573603
0.573603 0.935023
0.935023 0.577082
0.577082 0.461036
0.461036 0.551426
0.551426 0.863609
0.863609 0.308326
0.308326 0.611451
0.611451 0.925598
0.925598 0.592624
0.592624 0.0462972
0.0462972 0.0208171
0.0208171 0.316445
0.316445 0.0896957
0.0896957 0.526725
0.526725 0.826907
0.826907 0.189103
0.189103 0.364479
0.364479 0.33036
0.33036 0.320323
0.320323 0.624481
0.624481 0.904309
0.904309 0.09377
0.09377 0.111077
0.111077 0.0839417
0.0839417 0.200795
0.200795 0.3062
0.3062 0.545124
0.545124 0.628519
0.628519 0.551269
0.551269 0.126234
0.126234 0.373987
0.373987 0.183263
0.183263 0.712889
0.712889 0.0544744
0.0544744 0.761887
0.761887 0.47466
0.47466 0.49164
0.49164 0.878275
0.878275 0.50811
0.50811 0.0250424
0.0250424 0.237141
0.237141 0.244147
0.244147 0.612169
0.612169 0.434541
0.434541 0.186909
0.186909 0.399652
0.399652 0.612689
0.612689 0.35902
0.35902 0.31924
0.31924 0.475172
0.475172 0.619024
0.619024 0.295068
0.295068 0.583857
0.583857 0.522218
0.522218 0.942425
0.942425 0.0169577
0.0169577 0.421979
0.421979 0.024206
0.024206 0.424082
0.424082 0.883379
0.883379 0.788798
0.788798 0.663358
0.663358 0.254979
0.254979 0.876005
0.876005 0.653935
0.653935 0.852846
0.852846 0.939341
0.939341 0.853623
0.853623 0.982511
0.982511 0.649401
0.649401 0.916431
0.916431 0.178272
0.178272 0.637219
0.637219 0.0816974
0.0816974 0.223249
0.223249 0.827586
0.827586 0.851437
0.851437 0.297683
0.297683 0.588248
0.588248 0.3117
0.3117 0.49771
0.49771 0.105102
0.105102 0.799351
0.799351 0.100162
0.100162 0.29364
0.29364 0.808554
0.808554 0.161681
0.161681 0.0677999
0.0677999 0.365573
0.365573 0.131339
0.131339 0.453852
0.453852 0.84436
0.84436 0.111576
0.111576 0.530132
0.530132 0.705659
0.705659 0.489387
0.489387 0.585563
0.585563 0.207629
0.207629 0.612797
0.612797 0.0693027
0.0693027 0.737242
0.737242 0.614901
0.614901 0.374046
0.374046 0.813717
0.813717 0.0878043
0.0878043 0.610219
0.610219 0.378146
0.378146 0.323235
0.323235 0.0169108
0.0169108 0.569163
0.569163 0.361527
0.361527 0.273457
0.273457 0.0322853
0.0322853 0.662266
0.662266 0.137994
0.137994 0.124817
0.124817 0.649628
0.649628 0.270385
0.270385 0.499062
0.499062 0.724215
0.724215 0.497295
0.497295 0.0949072
0.0949072 0.824436
0.824436 0.814837
0.814837 0.67065
0.67065 0.582042
0.582042 0.51183
0.51183 0.0816765
0.0816765 0.220083
0.220083 0.383106
0.383106 0.433539
0.433539 0.175332
0.175332 0.491406
0.491406 0.649017
0.649017 0.948017
0.948017 0.552784
0.552784 6.36908e-05
6.36908e-05 0.661075
0.661075 0.261615
0.261615 0.51891
0.51891 0.451057
0.451057 0.983015
0.983015 0.37018
0.37018 0.339355
0.339355 0.301958
0.301958 0.431876
0.431876 0.272023
0.272023 0.626634
0.626634 0.439231
0.439231 0.560698
0.560698 0.587589
0.587589 0.669338
0.669338 0.222093
0.222093 0.681563
0.681563 0.0712639
0.0712639 0.23005
0.23005 0.180083
0.180083 0.896953
0.896953 0.189697
0.189697 0.8152
0.8152 0.658365
0.658365 0.375777
0.375777 0.456874
0.456874 0.187395
0.187395 0.102546
0.102546 0.597505
0.597505 0.837353
0.837353 0.76618
0.76618 0.128707
0.128707 0.379483
0.379483 0.979057
0.979057 0.0718584
0.0718584 0.556189
0.556189 0.947429
0.947429 0.732553
0.732553 0.680046
0.680046 0.616933
0.616933 0.275919
0.275919 0.836534
0.836534 0.694401
0.694401 0.373356
0.373356 0.688409
0.688409 0.900417
0.900417 0.0638465
0.0638465 0.714123
0.714123 0.18629
0.18629 0.513172
0.513172 0.735455
0.735455 0.187238
0.187238 0.115704
0.115704 0.597988
0.597988 0.546486
0.546486 0.787715
0.787715 0.993591
0.993591 0.689614
0.689614 0.508006
0.508006 0.901731
0.901731 0.00708077
0.00708077 0.500497
0.500497 0.51035
0.51035 0.479986
0.479986 0.622095
0.622095 0.424883
0.424883 0.330192
0.330192 0.274297
0.274297 0.528695
0.528695 0.0286548
0.0286548 0.203119
0.203119 0.125406
0.125406 0.173178
0.173178 0.497018
0.497018 0.825426
0.825426 0.863396
0.863396 0.38694
0.38694 0.371093
0.371093 0.920677
0.920677 0.655209
0.655209 0.505451
0.505451 0.620692
0.620692 0.629666
0.629666 0.308804
0.308804 0.887915
0.887915 0.268424
0.268424 0.664959
0.664959 0.12267
0.12267 0.46089
0.46089 0.0340194
0.0340194 0.142148
0.142148 0.91926
0.91926 0.279394
0.279394 0.851371
0.851371 0.204378
0.204378 0.1763
0.1763 0.0253707
0.0253707 0.0305256
0.0305256 0.454496
0.454496 0.601753
0.601753 0.711844
0.711844 0.501385
0.501385 0.0245548
0.0245548 0.155762
0.155762 0.878983
0.878983 0.197011
0.197011 0.695571
0.695571 0.85231
0.85231 0.870564
0.870564 0.126666
0.126666 0.61407
0.61407 0.226282
0.226282 0.433414
0.433414 0.276136
0.276136 0.332405
0.332405 0.229148
0.229148 0.526105
0.526105 0.273149
0.273149 0.721551
0.721551 0.0747953
0.0747953 0.0817739
0.0817739 0.039112
0.039112 0.530482
0.530482 0.806992
0.806992 0.477587
0.477587 0.899264
0.899264 0.671087
0.671087 0.706961
0.706961 0.00408518
0.00408518 0.129563
0.129563 0.958374
0.958374 0.53808
0.53808 0.446391
0.446391 0.234342
0.234342 0.0902742
0.0902742 0.842056
0.842056 0.694831
0.694831 0.322783
0.322783 0.65464
0.65464 0.303747
0.303747 0.717861
0.717861 0.17628
0.17628 0.323763
0.323763 0.855753
0.855753 0.31178
0.31178 0.746587
0.746587 0.989398
0.989398 0.214836
0.214836 0.936113
0.936113 0.137027
0.137027 0.394426
0.394426 0.633253
0.633253 0.238392
0.238392 0.531825
0.531825 0.95079
0.95079 0.48714
0.48714 0.763573
0.763573 0.584323
0.584323 0.359008
0.359008 0.76085
0.76085 0.413391
0.413391 0.760932
0.760932 0.290848
0.290848 0.356804
0.356804 0.309205
0.309205 0.813897
0.813897 0.212219
0.212219 0.0289098
0.0289098 0.713331
0.713331 0.448516
0.448516 0.675138
0.675138 0.847551
0.847551 0.787629
0.787629 0.281496
0.281496 0.830276
0.830276 0.721992
0.721992 0.486689
0.486689 0.575679
0.575679 0.607548
0.607548 0.536802
0.536802 0.424944
0.424944 0.0592616
0.0592616 0.270342
0.270342 0.0930621
0.0930621 0.713838
0.713838 0.959572
0.959572 0.359138
0.359138 0.449862
0.449862 0.324474
0.324474 0.406193
0.406193 0.560633
0.560633 0.109637
0.109637 0.825043
0.825043 0.757655
0.757655 0.480151
0.480151 0.232131
0.232131 0.284006
0.284006 0.363123
0.363123 0.488541
0.488541 0.887121
0.887121 0.246143
0.246143 0.502322
0.502322 0.563123
0.563123 0.808459
0.808459 0.0397978
0.0397978 0.192897
0.192897 0.411285
0.411285 0.0683556
0.0683556 0.0283145
0.0283145 0.632973
0.632973 0.567967
0.567967 0.484274
0.484274 0.985501
0.985501 0.446373
0.446373 0.602762
0.602762 0.942696
0.942696 0.0446378
0.0446378 0.418158
0.418158 0.867528
0.867528 0.691588
0.691588 0.428298
0.428298 0.19306
0.19306 0.467561
0.467561 0.467055
0.467055 0.252851
0.252851 0.114706
0.114706 0.591283
0.591283 0.716718
0.716718 0.311289
0.311289 0.0704722
0.0704722 0.230202
0.230202 0.584632
0.584632 0.464646
0.464646 0.17959
0.17959 0.321912
0.321912 0.854452
0.854452 0.930685
0.930685 0.37351
0.37351 0.445875
0.445875 0.545768
0.545768 0.288282
0.288282 0.447003
0.447003 0.462995
0.462995 0.247226
0.247226 0.994991
0.994991 0.293938
0.293938 0.35021
0.35021 0.803368
0.803368 0.704934
0.704934 0.748109
0.748109 0.0413498
0.0413498 0.79954
0.79954 0.933096
0.933096 0.879669
0.879669 0.723971
0.723971 0.960545
0.960545 0.473992
0.473992 0.951777
0.951777 0.830356
0.830356 0.132524
0.132524 0.810338
0.810338 0.274726
0.274726 0.497844
0.497844 0.119182
0.119182 0.888665
0.888665 0.154046
0.154046 0.494171
0.494171 0.785784
0.785784 0.0639573
0.0639573 0.679507
0.679507 0.0541324
0.0541324 0.200698
0.200698 0.725796
0.725796 0.906036
0.906036 0.213385
0.213385 0.263379
0.263379 0.809554
0.809554 0.755205
0.755205 0.783893
0.783893 0.308556
0.308556 0.131522
0.131522 0.292386
0.292386 0.968374
0.968374 0.952892
0.952892 0.199455
0.199455 0.859996
0.859996 0.086577
0.086577 0.40102
0.40102 0.740028
0.740028 0.93842
0.93842 0.0733529
0.0733529 0.659877
0.659877 0.917814
0.917814 0.60354
0.60354 0.399818
0.399818 0.0497811
0.0497811 0.561468
0.561468 0.839071
0.839071 0.885233
0.885233 0.669398
0.669398 0.00660724
0.00660724 0.9753
0.9753 0.556122
0.556122 0.276702
0.276702 0.370654
0.370654 0.974964
0.974964 0.066502
0.066502 0.535161
0.535161 0.0417542
0.0417542 0.107686
0.107686 0.713378
0.713378 0.0328514
0.0328514 0.829849
0.829849 0.350765
0.350765 0.700334
0.700334 0.132718
0.132718 0.726485
0.726485 0.0304391
0.0304391 0.795181
0.795181 0.298213
0.298213 0.445155
0.445155 0.905693
0.905693 0.770014
0.770014 0.934142
0.934142 0.601699
0.601699 0.93627
0.93627 0.196213
0.196213 0.297347
0.297347 0.105315
0.105315 0.208798
0.208798 0.0800899
0.0800899 0.410748
0.410748 0.0775398
0.0775398 0.690833
0.690833 0.356663
0.356663 0.815002
0.815002 0.795551
0.795551 0.943948
0.943948 0.759699
0.759699 0.570873
0.570873 0.113313
0.113313 0.0888478
0.0888478 0.604873
0.604873 0.713791
0.713791 0.00432096
0.00432096 0.891331
0.891331 0.275784
0.275784 0.599504
0.599504 0.0768716
0.0768716 0.0612245
0.0612245 0.182335
0.182335 0.316912
0.316912 0.549023
0.549023 0.238702
0.238702 0.905817
0.905817 0.628664
0.628664 0.228725
0.228725 0.619225
0.619225 0.312222
0.312222 0.363632
0.363632 0.213809
0.213809 0.665953
0.665953 0.551879
0.551879 0.67947
0.67947 0.361401
0.361401 0.0420216
0.0420216 0.583807
0.583807 0.429037
0.429037 0.877061
0.877061 0.523739
0.523739 0.428852
0.428852 0.0290935
0.0290935 0.359834
0.359834 0.74912
0.74912 0.75046
0.75046 0.307352
0.307352 0.561367
0.561367 0.635494
0.635494 0.775718
0.775718 0.221699
0.221699 0.315398
0.315398 0.810588
0.810588 0.515455
0.515455 0.749533
0.749533 0.866986
0.866986 0.335636
0.335636 0.55135
0.55135 0.554589
0.554589 0.0797075
0.0797075 0.507442
0.507442 0.350351
0.350351 0.556625
0.556625 0.925328
0.925328 0.987246
0.987246 0.351761
0.351761 0.228373
0.228373 0.115332
0.115332 0.437278
0.437278 0.0599702
0.0599702 0.777687
0.777687 0.682173
0.682173 0.60853
0.60853 0.691261
0.691261 0.653082
0.653082 0.0758408
0.0758408 0.817302
0.817302 0.960684
0.960684 0.794381
0.794381 0.689377
0.689377 0.388095
0.388095 0.741032
0.741032 0.614127
0.614127 0.232713
0.232713 0.194443
0.194443 0.839862
0.839862 0.974564
0.974564 0.0556079
0.0556079 0.446774
0.446774 0.308866
0.308866 0.423297
0.423297 0.152496
0.152496 0.666643
0.666643 0.830972
0.830972 0.0204317
0.0204317 0.499541
0.499541 0.423447
0.423447 0.582429
0.582429 0.128151
0.128151 0.411977
0.411977 0.0301262
0.0301262 0.103712
0.103712 0.104165
0.104165 0.0812698
0.0812698 0.5135
0.5135 0.82685
0.82685 0.63773
0.63773 0.378169
0.378169 0.502471
0.502471 0.691907
0.691907 0.958134
0.958134 0.409383
0.409383 0.46707
0.46707 0.170233
0.170233 0.653613
0.653613 0.43012
0.43012 0.888708
0.888708 0.796094
0.796094 0.833665
0.833665 0.770098
0.770098 0.987256
0.987256 0.266428
0.266428 0.203747
0.203747 0.220896
0.220896 0.680483
0.680483 0.145145
0.145145 0.39511
0.39511 0.421234
0.421234 0.331962
0.331962 0.843924
0.843924 0.541254
0.541254 0.709484
0.709484 0.0519374
0.0519374 0.542563
0.542563 0.756249
0.756249 0.411884
0.411884 0.190077
0.190077 0.568981
0.568981 0.181255
0.181255 0.548157
0.548157 0.676027
0.676027 0.99632
0.99632 0.0157592
0.0157592 0.724938
0.724938 0.251399
0.251399 0.641642
0.641642 0.125436
0.125436 0.0612913
0.0612913 0.778193
0.778193 0.395048
0.395048 0.0427621
0.0427621 0.450044
0.450044 0.973662
0.973662 0.236451
0.236451 0.468493
0.468493 0.172463
0.172463 0.248622
0.248622 0.978861
0.978861 0.402242
0.402242 0.389087
0.389087 0.733978
0.733978 0.833606
0.833606 0.691743
0.691743 0.43694
0.43694 0.337995
0.337995 0.941215
0.941215 0.75601
0.75601 0.580137
0.580137 0.708858
0.708858 0.571093
0.571093 0.20213
0.20213 0.569224
0.569224 0.0126891
0.0126891 0.0793015
0.0793015 0.929689
0.929689 0.898767
0.898767 0.00956713
0.00956713 0.957613
0.957613 0.483142
0.483142 0.602357
0.602357 0.209
0.209 0.922851
0.922851 0.542837
0.542837 0.689154
0.689154 0.656976
0.656976 0.874719
0.874719 0.304584
0.304584 0.0651289
0.0651289 0.657732
0.657732 0.563965
0.563965 0.704264
0.704264 0.759289
0.759289 0.0190369
0.0190369 0.871119
0.871119 0.0314068
0.0314068 0.51585
0.51585 0.103189
0.103189 0.523247
0.523247 0.79546
0.79546 0.0383744
0.0383744 0.51427
0.51427 0.158736
0.158736 0.889144
0.889144 0.271044
0.271044 0.0398029
0.0398029 0.988984
0.988984 0.169473
0.169473 0.73134
0.73134 0.63503
0.63503 0.23896
0.23896 0.182077
0.182077 0.64142
0.64142 0.448341
0.448341 0.354133
0.354133 0.373495
0.373495 0.184022
0.184022 0.628557
0.628557 0.125691
0.125691 0.385472
0.385472 0.15153
0.15153 0.38288
0.38288 0.522999
0.522999 0.295692
0.295692 0.675851
0.675851 0.0893463
0.0893463 0.776695
0.776695 0.580395
0.580395 0.62443
0.62443 0.402417
0.402417 0.682559
0.682559 0.6458
0.6458 0.611522
0.611522 0.576711
0.576711 0.760206
0.760206 0.290485
0.290485 0.912536
0.912536 0.0239211
0.0239211 0.936183
0.936183 0.922995
0.922995 0.732287
0.732287 0.170839
0.170839 0.00121783
0.00121783 0.1322
0.1322 0.675587
0.675587 0.780013
0.780013 0.248669
0.248669 0.575967
0.575967 0.67528
0.67528 0.891471
0.891471 0.999811
0.999811 0.886586
0.886586 0.599221
0.599221 0.949122
0.949122 0.19371
0.19371 0.923323
0.923323 0.384998
0.384998 0.612243
0.612243 0.0779771
0.0779771 0.129129
0.129129 0.293715
0.293715 0.491163
0.491163 0.464992
0.464992 0.426045
0.426045 0.663156
0.663156 0.539714
0.539714 0.177265
0.177265 0.84532
0.84532 0.270245
0.270245 0.322341
0.322341 0.242833
0.242833 0.302316
0.302316 0.422293
0.422293 0.105951
0.105951 0.816652
0.816652 0.759917
0.759917 0.210148
0.210148 0.145596
0.145596 0.0121252
0.0121252 0.382162
0.382162 0.898124
0.898124 0.799471
0.799471 0.528806
0.528806 0.962655
0.962655 0.460117
0.460117 0.135608
0.135608 0.283699
0.283699 0.955854
0.955854 0.664373
0.664373 0.992974
0.992974 0.948072
0.948072 0.488561
0.488561 0.423174
0.423174 0.544202
0.544202 0.270438
0.270438 0.834055
0.834055 0.518
0.518 0.531597
0.531597 0.00717219
0.00717219 0.0396514
0.0396514 0.331837
0.331837 0.503594
0.503594 0.438596
0.438596 0.435353
0.435353 0.725151
0.725151 0.304264
0.304264 0.324181
0.324181 0.198131
0.198131 0.866026
0.866026 0.63381
0.63381 0.495671
0.495671 0.475428
0.475428 0.360483
0.360483 0.971038
0.971038 0.374163
0.374163 0.485596
0.485596 0.890161
0.890161 0.0834848
0.0834848 0.47498
0.47498 0.726708
0.726708 0.948959
0.948959 0.16175
0.16175 0.51436
0.51436 0.98031
0.98031 0.307487
0.307487 0.045175
0.045175 0.00673227
0.00673227 0.69163
0.69163 0.523887
0.523887 0.892897
0.892897 0.638718
0.638718 0.472109
0.472109 0.733506
0.733506 0.798664
0.798664 0.349355
0.349355 0.375822
0.375822 0.0418944
0.0418944 0.435515
0.435515 0.462047
0.462047 0.592088
0.592088 0.751602
0.751602 0.400886
0.400886 0.354733
0.354733 0.71983
0.71983 0.0809043
0.0809043 0.61934
0.61934 0.176523
0.176523 0.422515
0.422515 0.37322
0.37322 0.0435864
0.0435864 0.516685
0.516685 0.79266
0.79266 0.203826
0.203826 0.297316
0.297316 0.254259
0.254259 0.841788
0.841788 0.260822
0.260822 0.769628
0.769628 0.0706456
0.0706456 0.270263
0.270263 0.960464
0.960464 0.880088
0.880088 0.615168
0.615168 0.232191
0.232191 0.0819544
0.0819544 0.631697
0.631697 0.212113
0.212113 0.380578
0.380578 0.53253
0.53253 0.700743
0.700743 0.994098
0.994098 0.128452
0.128452 0.867966
0.867966 0.842179
0.842179 0.651778
0.651778 0.0552055
0.0552055 0.656949
0.656949 0.613066
0.613066 0.666459
0.666459 0.381935
0.381935 0.654075
0.654075 0.560406
0.560406 0.768658
0.768658 0.737918
0.737918 0.610264
0.610264 0.97337
0.97337 0.974986
0.974986 0.106415
0.106415 0.928169
0.928169 0.170456
0.170456 0.427355
0.427355 0.590572
0.590572 0.018467
0.018467 0.384161
0.384161 0.887542
0.887542 0.569062
0.569062 0.499365
0.499365 0.464183
0.464183 0.597022
0.597022 0.105676
0.105676 0.868934
0.868934 0.154712
0.154712 0.168416
0.168416 0.638986
0.638986 0.79869
0.79869 0.509945
0.509945 0.401772
0.401772 0.635956
0.635956 0.561219
0.561219 0.211331
0.211331 0.341944
0.341944 0.774984
0.774984 0.413772
0.413772 0.765703
0.765703 0.56701
0.56701 0.840832
0.840832 0.612521
0.612521 0.401149
0.401149 0.149228
0.149228 0.425864
0.425864 0.517611
0.517611 0.314438
0.314438 0.106073
0.106073 0.12842
0.12842 0.0262618
0.0262618 0.816994
0.816994 0.620809
0.620809 0.594754
0.594754 0.725038
0.725038 0.0575119
0.0575119 0.0728042
0.0728042 0.172525
0.172525 0.489753
0.489753 0.896691
0.896691 0.788621
0.788621 0.73527
0.73527 0.205346
0.205346 0.336067
0.336067 0.145157
0.145157 0.433894
0.433894 0.365137
0.365137 0.625798
0.625798 0.475111
0.475111 0.890735
0.890735 0.184466
0.184466 0.453326
0.453326 0.328822
0.328822 0.416606
0.416606 0.378164
0.378164 0.620452
0.620452 0.714499
0.714499 0.65841
0.65841 0.814201
0.814201 0.264333
0.264333 0.952099
0.952099 0.843829
0.843829 0.095644
0.095644 0.896025
0.896025 0.536233
0.536233 0.00723616
0.00723616 0.330696
0.330696 0.929491
0.929491 0.0402942
0.0402942 0.630952
0.630952 0.250804
0.250804 0.794027
0.794027 0.534519
0.534519 0.00743883
0.00743883 0.891016
0.891016 0.120756
0.120756 0.359804
0.359804 0.809102
0.809102 0.0371846
0.0371846 0.974935
0.974935 0.373145
0.373145 0.861887
0.861887 0.825404
0.825404 0.525967
0.525967 0.546016
0.546016 0.360165
0.360165 0.590546
0.590546 0.80939
0.80939 0.140888
0.140888 0.153398
0.153398 0.822305
0.822305 0.662029
0.662029 0.701749
0.701749 0.82425
0.82425 0.862664
0.862664 0.392372
0.392372 0.58965
0.58965 0.660881
0.660881 0.372858
0.372858 0.160364
0.160364 0.651387
0.651387 0.923424
0.923424 0.199148
0.199148 0.0347384
0.0347384 0.796219
0.796219 0.315009
0.315009 0.365751
0.365751 0.161358
0.161358 0.0602973
0.0602973 0.646178
0.646178 0.47465
0.47465 0.0342486
0.0342486 0.47093
0.47093 0.342864
0.342864 0.127229
0.127229 0.0615629
0.0615629 0.115504
0.115504 0.658651
0.658651 0.392777
0.392777 0.209495
0.209495 0.868643
0.868643 0.310982
0.310982 0.894948
0.894948 0.177827
0.177827 0.371773
0.371773 0.105278
0.105278 0.366007
0.366007 0.0842721
0.0842721 0.304225
0.304225 0.181766
0.181766 0.459345
0.459345 0.779437
0.779437 0.426952
0.426952 0.340989
0.340989 0.463728
0.463728 0.910173
0.910173 0.423377
0.423377 0.887957
0.887957 0.610303
0.610303 0.258592
0.258592 0.922888
0.922888 0.895675
0.895675 0.756175
0.756175 0.327888
0.327888 0.429889
0.429889 0.478433
0.478433 0.481716
0.481716 0.147739
0.147739 0.450849
0.450849 0.78783
0.78783 0.324988
0.324988 0.730003
0.730003 0.351227
0.351227 0.705192
0.705192 0.201293
0.201293 0.361872
0.361872 0.0898504
0.0898504 0.283086
0.283086 0.21298
0.21298 0.874727
0.874727 0.799244
0.799244 0.260466
0.260466 0.506117
0.506117 0.097439
0.097439 0.203909
0.203909 0.480097
0.480097 0.614966
0.614966 0.96522
0.96522 0.440889
0.440889 0.330681
0.330681 0.864048
0.864048 0.225191
0.225191 0.449538
0.449538 0.589007
0.589007 0.130423
0.130423 0.131674
0.131674 0.430468
0.430468 0.212692
0.212692 0.34973
0.34973 0.726119
0.726119 0.857168
0.857168 0.900828
0.900828 0.140807
0.140807 0.54174
0.54174 0.787759
0.787759 0.0866158
0.0866158 0.72346
0.72346 0.694425
0.694425 0.299806
0.299806 0.407857
0.407857 0.45227
0.45227 0.322808
0.322808 0.526536
0.526536 0.903069
0.903069 0.482839
0.482839 0.877114
0.877114 0.00731497
0.00731497 0.745905
0.745905 0.736722
0.736722 0.333013
0.333013 0.753405
0.753405 0.949671
0.949671 0.269275
0.269275 0.427867
0.427867 0.236403
0.236403 0.774116
0.774116 0.182912
0.182912 0.551982
0.551982 0.938599
0.938599 0.369863
0.369863 0.651191
0.651191 0.671342
0.671342 0.533684
0.533684 0.0288747
0.0288747 0.977685
0.977685 0.199078
0.199078 0.460192
0.460192 0.393972
0.393972 0.117272
0.117272 0.716613
0.716613 0.525126
0.525126 0.544578
0.544578 0.214803
0.214803 0.0289157
0.0289157 0.224458
0.224458 0.131485
0.131485 0.280208
0.280208 0.233789
0.233789 0.039815
0.039815 0.544486
0.544486 0.290653
0.290653 0.179982
0.179982 0.66888
0.66888 0.456024
0.456024 0.199722
0.199722 0.896275
0.896275 0.70774
0.70774 0.910108
0.910108 0.695124
0.695124 0.730432
0.730432 0.341587
0.341587 0.362917
0.362917 0.218994
0.218994 0.860229
0.860229 0.404402
0.404402 0.208743
0.208743 0.145793
0.145793 0.775142
0.775142 0.484513
0.484513 0.825351
0.825351 0.406612
0.406612 0.888963
0.888963 0.403212
0.403212 0.429883
0.429883 0.48074
0.48074 0.961752
0.961752 0.0648372
0.0648372 0.589578
0.589578 0.115237
0.115237 0.886754
0.886754 0.00266054
0.00266054 0.63844
0.63844 0.607069
0.607069 0.975592
0.975592 0.199488
0.199488 0.725307
0.725307 0.0569752
0.0569752 0.846638
0.846638 0.887536
0.887536 0.568118
0.568118 0.73981
0.73981 0.823065
0.823065 0.862015
0.862015 0.475646
0.475646 0.458069
0.458069 0.681655
0.681655 0.483557
0.483557 0.31509
0.31509 0.894709
0.894709 0.047391
0.047391 0.922234
0.922234 0.498222
0.498222 0.29177
0.29177 0.38311
0.38311 0.0310215
0.0310215 0.134675
0.134675 0.568776
0.568776 0.755315
0.755315 0.947151
0.947151 0.841257
0.841257 0.75196
0.75196 0.138785
0.138785 0.175844
0.175844 0.120477
0.120477 0.71076
0.71076 0.977715
0.977715 0.842029
0.842029 0.642095
0.642095 0.360002
0.360002 0.537266
0.537266 0.548772
0.548772 0.724515
0.724515 0.202088
0.202088 0.659132
0.659132 0.159355
0.159355 0.189367
0.189367 0.522322
0.522322 0.771462
0.771462 0.502113
0.502113 0.806819
0.806819 0.0546866
0.0546866 0.929277
0.929277 0.458711
0.458711 0.180549
0.180549 0.778658
0.778658 0.861617
0.861617 0.215519
0.215519 0.0943262
0.0943262 0.2658
0.2658 0.568209
0.568209 0.058374
0.058374 0.385727
0.385727 0.914479
0.914479 0.432488
0.432488 0.427328
0.427328 0.00376402
0.00376402 0.260509
0.260509 0.849288
0.849288 0.959344
0.959344 0.402187
0.402187 0.2992
0.2992 0.282376
0.282376 0.978136
0.978136 0.454121
0.454121 0.275631
0.275631 0.594233
0.594233 0.168416
0.168416 0.664797
0.664797 0.740197
0.740197 0.818561
0.818561 0.837861
0.837861 0.110897
0.110897 0.861892
0.861892 0.311013
0.311013 0.857184
0.857184 0.824928
0.824928 0.677872
0.677872 0.130438
0.130438 0.00570188
0.00570188 0.132773
0.132773 0.213675
0.213675 0.380961
0.380961 0.198391
0.198391 0.0931821
0.0931821 0.993446
0.993446 0.17153
0.17153 0.536958
0.536958 0.000615063
0.000615063 0.910942
0.910942 0.812038
0.812038 0.5987
0.5987 0.471419
0.471419 0.249124
0.249124 0.0748926
0.0748926 0.020106
0.020106 0.629735
0.629735 0.254139
0.254139 0.064547
0.064547 0.425658
0.425658 0.195806
0.195806 0.174836
0.174836 0.58606
0.58606 0.0172379
0.0172379 0.80587
0.80587 0.989713
0.989713 0.981549
0.981549 0.343337
0.343337 0.260494
0.260494 0.336992
0.336992 0.558096
0.558096 0.358321
0.358321 0.63252
0.63252 0.903579
0.903579 0.586952
0.586952 0.29358
0.29358 0.348462
0.348462 0.542125
0.542125 0.266729
0.266729 0.717194
0.717194 0.92534
0.92534 0.489312
0.489312 0.969963
0.969963 0.305179
0.305179 0.572969
0.572969 0.910255
0.910255 0.159769
0.159769 0.0181071
0.0181071 0.725403
0.725403 0.54949
0.54949 0.0531797
0.0531797 0.90222
0.90222 0.397895
0.397895 0.0488545
0.0488545 0.0892393
0.0892393 0.716908
0.716908 0.566985
0.566985 0.419652
0.419652 0.609322
0.609322 0.934174
0.934174 0.250651
0.250651 0.76304
0.76304 0.389176
0.389176 0.0733796
0.0733796 0.876542
0.876542 0.298115
0.298115 0.681973
0.681973 0.75713
0.75713 0.42884
0.42884 0.0237063
0.0237063 0.509397
0.509397 0.662007
0.662007 0.493181
0.493181 0.793085
0.793085 0.32857
0.32857 0.882557
0.882557 0.376709
0.376709 0.204982
0.204982 0.502871
0.502871 0.965197
0.965197 0.358527
0.358527 0.357826
0.357826 0.179517
0.179517 0.00677809
0.00677809 0.437246
0.437246 0.0276472
0.0276472 0.925688
0.925688 0.965213
0.965213 0.508362
0.508362 0.511694
0.511694 0.31429
0.31429 0.717409
0.717409 0.334642
0.334642 0.61436
0.61436 0.53847
0.53847 0.360198
0.360198 0.478693
0.478693 0.918069
0.918069 0.913021
0.913021 0.941842
0.941842 0.716132
0.716132 0.854514
0.854514 0.630503
0.630503 0.584718
0.584718 0.868258
0.868258 0.888774
0.888774 0.206634
0.206634 0.859636
0.859636 0.386807
0.386807 0.689011
0.689011 0.916542
0.916542 0.801553
0.801553 0.125097
0.125097 0.983705
0.983705 0.0377752
0.0377752 0.543883
0.543883 0.423309
0.423309 0.672394
0.672394 0.476825
0.476825 0.997163
0.997163 0.628886
0.628886 0.222986
0.222986 0.427417
0.427417 0.669608
0.669608 0.347842
0.347842 0.494564
0.494564 0.245108
0.245108 0.990806
0.990806 0.314019
0.314019 0.0291704
0.0291704 0.468951
0.468951 0.240553
0.240553 0.868604
0.868604 0.391211
0.391211 0.344952
0.344952 0.731404
0.731404 0.0703644
0.0703644 0.935312
0.935312 0.757253
0.757253 0.0171253
0.0171253 0.958782
0.958782 0.686049
0.686049 0.370541
0.370541 0.16129
0.16129 0.0185
0.0185 0.900466
0.900466 0.704512
0.704512 0.449708
0.449708 0.943733
0.943733 0.813302
0.813302 0.0749416
0.0749416 0.635215
0.635215 0.050843
0.050843 0.465273
0.465273 0.347884
0.347884 0.152399
0.152399 0.0241501
0.0241501 0.184364
0.184364 0.118319
0.118319 0.154585
0.154585 0.860521
0.860521 0.275227
0.275227 0.339001
0.339001 0.186747
0.186747 0.784261
0.784261 0.996972
0.996972 0.672578
0.672578 0.330618
0.330618 0.154267
0.154267 0.907772
0.907772 0.415077
0.415077 0.980085
0.980085 0.437342
0.437342 0.0974475
0.0974475 0.747151
0.747151 0.202109
0.202109 0.542168
0.542168 0.842728
0.842728 0.233272
0.233272 0.0838546
0.0838546 0.606893
0.606893 0.766077
0.766077 0.606212
0.606212 0.476321
0.476321 0.474009
0.474009 0.115853
0.115853 0.826136
0.826136 0.375468
0.375468 0.683167
0.683167 0.81435
0.81435 0.86278
0.86278 0.916047
0.916047 0.020901
0.020901 0.962604
0.962604 0.770958
0.770958 0.569283
0.569283 0.994025
0.994025 0.455868
0.455868 0.328414
0.328414 0.464638
0.464638 0.774233
0.774233 0.566389
0.566389 0.0384429
0.0384429 0.237245
0.237245 0.648717
0.648717 0.340052
0.340052 0.755831
0.755831 0.896928
0.896928 0.327859
0.327859 0.785129
0.785129 0.176121
0.176121 0.245946
0.245946 0.575599
0.575599 0.711787
0.711787 0.446811
0.446811 0.311335
0.311335 0.756759
0.756759 0.0146309
0.0146309 0.112566
0.112566 0.976536
0.976536 0.538443
0.538443 0.493211
0.493211 0.0862884
0.0862884 0.729354
0.729354 0.0249858
0.0249858 0.15748
0.15748 0.407095
0.407095 0.558517
0.558517 0.37161
0.37161 0.384912
0.384912 0.0785363
0.0785363 0.468571
0.468571 0.563133
0.563133 0.335665
0.335665 0.108006
0.108006 0.579986
0.579986 0.62135
0.62135 0.58571
0.58571 0.962277
0.962277 0.66357
0.66357 0.900881
0.900881 0.869421
0.869421 0.639024
0.639024 0.721967
0.721967 0.323976
0.323976 0.524707
0.524707 0.457066
0.457066 0.358517
0.358517 0.125526
0.125526 0.538356
0.538356 0.108895
0.108895 0.606932
0.606932 0.599878
0.599878 0.683844
0.683844 0.530826
0.530826 0.988381
0.988381 0.343228
0.343228 0.233399
0.233399 0.446725
0.446725 0.41859
0.41859 0.144914
0.144914 0.641164
0.641164 0.317543
0.317543 0.15627
0.15627 0.173381
0.173381 0.506638
0.506638 0.252174
0.252174 0.279647
0.279647 0.862705
0.862705 0.160775
0.160775 0.077577
0.077577 0.699846
0.699846 0.0597067
0.0597067 0.964774
0.964774 0.628471
0.628471 0.127288
0.127288 0.752578
0.752578 0.0723376
0.0723376 0.937449
0.937449 0.787544
0.787544 0.297077
0.297077 0.685706
0.685706 0.553576
0.553576 0.715929
0.715929 0.824654
0.824654 0.655685
0.655685 0.764998
0.764998 0.0135657
0.0135657 0.585904
0.585904 0.682748
0.682748 0.798837
0.798837 0.733716
0.733716 0.492681
0.492681 0.0914029
0.0914029 0.766296
0.766296 0.0767439
0.0767439 0.635732
0.635732 0.837288
0.837288 0.288857
0.288857 0.594129
0.594129 0.0735054
0.0735054 0.388081
0.388081 0.051448
0.051448 0.856576
0.856576 0.502692
0.502692 0.843382
0.843382 0.0698325
0.0698325 0.736929
0.736929 0.548844
0.548844 0.170436
0.170436 0.312024
0.312024 0.248943
0.248943 0.99697
0.99697 0.0297792
0.0297792 0.669985
0.669985 0.475313
0.475313 0.754241
0.754241 0.443395
0.443395 0.848131
0.848131 0.384792
0.384792 0.826116
0.826116 0.745992
0.745992 0.0252892
0.0252892 0.00654702
0.00654702 0.907901
0.907901 0.269063
0.269063 0.10819
0.10819 0.801093
0.801093 0.629216
0.629216 0.516442
0.516442 0.800686
0.800686 0.364069
0.364069 0.159264
0.159264 0.678151
0.678151 0.165409
0.165409 0.325297
0.325297 0.0904714
0.0904714 0.300045
0.300045 0.116046
0.116046 0.0129033
0.0129033 0.33715
0.33715 0.631499
0.631499 0.193278
0.193278 0.166457
0.166457 0.573848
0.573848 0.797103
0.797103 0.0202205
0.0202205 0.457315
0.457315 0.302649
0.302649 0.824313
0.824313 0.293799
0.293799 0.697192
0.697192 0.524162
0.524162 0.256157
0.256157 0.117251
0.117251 0.886186
0.886186 0.152285
0.152285 0.334962
0.334962 0.554537
0.554537 0.998203
0.998203 0.276655
0.276655 0.551875
0.551875 0.157128
0.157128 0.690144
0.690144 0.661022
0.661022 0.0734442
0.0734442 0.733986
0.733986 0.545466
0.545466 0.268063
0.268063 0.908754
0.908754 0.103719
0.103719 0.37463
0.37463 0.601613
0.601613 0.655563
0.655563 0.264517
0.264517 0.146675
0.146675 0.196163
0.196163 0.962347
0.962347 0.751124
0.751124 0.132275
0.132275 0.343288
0.343288 0.941064
0.941064 0.304743
0.304743 0.0681114
0.0681114 0.229808
0.229808 0.010593
0.010593 0.620114
0.620114 0.0282054
0.0282054 0.270339
0.270339 0.871799
0.871799 0.348787
0.348787 0.0703545
0.0703545 0.860443
0.860443 0.169677
0.169677 0.503922
0.503922 0.203241
0.203241 0.146354
0.146354 0.0618721
0.0618721 0.735678
0.735678 0.406052
0.406052 0.263204
0.263204 0.42512
0.42512 0.577469
0.577469 0.0295321
0.0295321 0.0858169
0.0858169 0.0945407
0.0945407 0.294795
0.294795 0.632371
0.632371 0.690139
0.690139 0.539424
0.539424 0.0979669
0.0979669 0.0857015
0.0857015 0.400421
0.400421 0.380052
0.380052 0.16839
0.16839 0.131111
0.131111 0.702239
0.702239 0.413584
0.413584 0.732898
0.732898 0.514768
0.514768 0.651315
0.651315 0.372168
0.372168 0.239886
0.239886 0.162844
0.162844 0.548474
0.548474 0.402324
0.402324 0.892444
0.892444 0.434521
0.434521 0.771477
0.771477 0.591513
0.591513 0.0305008
0.0305008 0.0867659
0.0867659 0.583682
0.583682 0.645807
0.645807 0.0797381
0.0797381 0.602312
0.602312 0.965808
0.965808 0.41738
0.41738 0.0772153
0.0772153 0.13235
0.13235 0.87996
0.87996 0.316103
0.316103 0.611675
0.611675 0.70755
0.70755 0.310644
0.310644 0.996819
0.996819 0.378126
0.378126 0.683649
0.683649 0.435514
0.435514 0.782791
0.782791 0.541001
0.541001 0.0882715
0.0882715 0.560235
0.560235 0.942412
0.942412 0.954153
0.954153 0.0622388
0.0622388 0.247223
0.247223 0.174673
0.174673 0.852266
0.852266 0.149359
0.149359 0.809565
0.809565 0.127409
0.127409 0.0135972
0.0135972 0.833869
0.833869 0.977554
0.977554 0.54278
0.54278 0.130393
0.130393 0.620779
0.620779 0.472931
0.472931 0.0137208
0.0137208 0.685143
0.685143 0.905611
0.905611 0.638647
0.638647 0.545465
0.545465 0.47541
0.47541 0.425651
0.425651 0.0179084
0.0179084 0.650669
0.650669 0.576428
0.576428 0.0716707
0.0716707 0.680084
0.680084 0.300923
0.300923 0.977583
0.977583 0.630604
0.630604 0.942953
0.942953 0.872709
0.872709 0.0576833
0.0576833 0.639242
