1.03097e-05 0.28225
0.0121318 0.850681
0.28225 0.547522
0.850681 0.765969
0.547522 0.730861
0.765969 0.460967
0.730861 0.208291
0.460967 0.345714
0.208291 0.674989
0.345714 0.986911
0.674989 0.879693
0.986911 0.979709
0.879693 0.318271
0.979709 0.671221
0.318271 0.0863124
0.671221 0.474583
0.0863124 0.595613
0.474583 0.216423
0.595613 0.497946
0.216423 0.833973
0.497946 0.0890158
0.833973 0.980204
0.0890158 0.244057
0.980204 0.884196
0.244057 0.885076
0.884196 0.36751
0.885076 0.89575
0.36751 0.740959
0.89575 0.192033
0.740959 0.337721
0.192033 0.543447
0.337721 0.621454
0.543447 0.750179
0.621454 0.638714
0.750179 0.09435
0.638714 0.0163614
0.09435 0.858539
0.0163614 0.356448
0.858539 0.44331
0.356448 0.213924
0.44331 0.951301
0.213924 0.800775
0.951301 0.760651
0.800775 0.980413
0.760651 0.862035
0.980413 0.759141
0.862035 0.326496
0.759141 0.426243
0.326496 0.404012
0.426243 0.109668
0.404012 0.297681
0.109668 0.467097
0.297681 0.452618
0.467097 0.394554
0.452618 0.622884
0.394554 0.722024
0.622884 0.204893
0.722024 0.903016
0.204893 0.683451
0.903016 0.479556
0.683451 0.487776
0.479556 0.257282
0.487776 0.211901
0.257282 0.234271
0.211901 0.20245
0.234271 0.201754
0.20245 0.143858
0.201754 0.51638
0.143858 0.912194
0.51638 0.409751
0.912194 0.356276
0.409751 0.82949
0.356276 0.0610704
0.82949 0.892886
0.0610704 0.348198
0.892886 0.842152
0.348198 0.0770591
0.842152 0.038047
0.0770591 0.14429
0.038047 0.699711
0.14429 0.404358
0.699711 0.558672
0.404358 0.51767
0.558672 0.518876
0.51767 0.479735
0.518876 0.411548
0.479735 0.59434
0.411548 0.39823
0.59434 0.473879
0.39823 0.617169
0.473879 0.493573
0.617169 0.99282
0.493573 0.163211
0.99282 0.924676
0.163211 0.5672
0.924676 0.711491
0.5672 0.125305
0.711491 0.866329
0.125305 0.360922
0.866329 0.687928
0.360922 0.325414
0.687928 0.0670597
0.325414 0.934661
0.0670597 0.077963
0.934661 0.34276
0.077963 0.117807
0.34276 0.916424
0.117807 0.339232
0.916424 0.804199
0.339232 0.014767
0.804199 0.840411
0.014767 0.376852
0.840411 0.850895
0.376852 0.45549
0.850895 0.865988
0.45549 0.8943
0.865988 0.846051
0.8943 0.937361
0.846051 0.38425
0.937361 0.00840035
0.38425 0.784273
0.00840035 0.131604
0.784273 0.272982
0.131604 0.144224
0.272982 0.25902
0.144224 0.298505
0.25902 0.496733
0.298505 0.768972
0.496733 0.632005
0.768972 0.437322
0.632005 0.823202
0.437322 0.0136779
0.823202 0.81489
0.0136779 0.506808
0.81489 0.0758372
0.506808 0.477741
0.0758372 0.849398
0.477741 0.724269
0.849398 0.919058
0.724269 0.363318
0.919058 0.0930984
0.363318 0.988577
0.0930984 0.233968
0.988577 0.629844
0.233968 0.747761
0.629844 0.545059
0.747761 0.28857
0.545059 0.889415
0.28857 0.906963
0.889415 0.866399
0.906963 0.165035
0.866399 0.653052
0.165035 0.305392
0.653052 0.146755
0.305392 0.162759
0.146755 0.391517
0.162759 0.293833
0.391517 0.487309
0.293833 0.106364
0.487309 0.200089
0.106364 0.75824
0.200089 0.924947
0.75824 0.258283
0.924947 0.598064
0.258283 0.255633
0.598064 0.0783078
0.255633 0.566305
0.0783078 0.560819
0.566305 0.463785
0.560819 0.937532
0.463785 0.0999734
0.937532 0.0487142
0.0999734 0.905948
0.0487142 0.849725
0.905948 0.971987
0.849725 0.213971
0.971987 0.393973
0.213971 0.382202
0.393973 0.986844
0.382202 0.355534
0.986844 0.482286
0.355534 0.572408
0.482286 0.434635
0.572408 0.544344
0.434635 0.266232
0.544344 0.451874
0.266232 0.117362
0.451874 0.812246
0.117362 0.957214
0.812246 0.99402
0.957214 0.363447
0.99402 0.597865
0.363447 0.915922
0.597865 0.055431
0.915922 0.897205
0.055431 0.607736
0.897205 0.418269
0.607736 0.340109
0.418269 0.673323
0.340109 0.675441
0.673323 0.177158
0.675441 0.110802
0.177158 0.372379
0.110802 0.0947064
0.372379 0.790195
0.0947064 0.400454
0.790195 0.460155
0.400454 0.598082
0.460155 0.739139
0.598082 0.231677
0.739139 0.615961
0.231677 0.0362898
0.615961 0.293565
0.0362898 0.742314
0.293565 0.713186
0.742314 0.732289
0.713186 0.183186
0.732289 0.903592
0.183186 0.552516
0.903592 0.798793
0.552516 0.672395
0.798793 0.0225611
0.672395 0.64291
0.0225611 0.53624
0.64291 0.622193
0.53624 0.997408
0.622193 0.67029
0.997408 0.449514
0.67029 0.372695
0.449514 0.20579
0.372695 0.442822
0.20579 0.410581
0.442822 0.931705
0.410581 0.15407
0.931705 0.574309
0.15407 0.502494
0.574309 0.241703
0.502494 0.896768
0.241703 0.781999
0.896768 0.523958
0.781999 0.0644552
0.523958 0.990925
0.0644552 0.0128605
0.990925 0.200935
0.0128605 0.163168
0.200935 0.305704
0.163168 0.204397
0.305704 0.377015
0.204397 0.990281
0.377015 0.054368
0.990281 0.171412
0.054368 0.567633
0.171412 0.0978553
0.567633 0.331396
0.0978553 0.271607
0.331396 0.340829
0.271607 0.265929
0.340829 0.170385
0.265929 0.197687
0.170385 0.258807
0.197687 0.746315
0.258807 0.756348
0.746315 0.666245
0.756348 0.329197
0.666245 0.786987
0.329197 0.642047
0.786987 0.292665
0.642047 0.52371
0.292665 0.131768
0.52371 0.727555
0.131768 0.202046
0.727555 0.496327
0.202046 0.0371203
0.496327 0.0651297
0.0371203 0.858583
0.0651297 0.750791
0.858583 0.869086
0.750791 0.056553
0.869086 0.682381
0.056553 0.450201
0.682381 0.0697679
0.450201 0.453526
0.0697679 0.881888
0.453526 0.413106
0.881888 0.942067
0.413106 0.847937
0.942067 0.340788
0.847937 0.432247
0.340788 0.261487
0.432247 0.744204
0.261487 0.810044
0.744204 0.458732
0.810044 0.801217
0.458732 0.958355
0.801217 0.329592
0.958355 0.0939881
0.329592 0.046564
0.0939881 0.841295
0.046564 0.0137119
0.841295 0.573603
0.0137119 0.935023
0.573603 0.577082
0.935023 0.461036
0.577082 0.551426
0.461036 0.863609
0.551426 0.308326
0.863609 0.611451
0.308326 0.925598
0.611451 0.592624
0.925598 0.0462972
0.592624 0.0208171
0.0462972 0.316445
0.0208171 0.0896957
0.316445 0.526725
0.0896957 0.826907
0.526725 0.189103
0.826907 0.364479
0.189103 0.33036
0.364479 0.320323
0.33036 0.624481
0.320323 0.904309
0.624481 0.09377
0.904309 0.111077
0.09377 0.0839417
0.111077 0.200795
0.0839417 0.3062
0.200795 0.545124
0.3062 0.628519
0.545124 0.551269
0.628519 0.126234
0.551269 0.373987
0.126234 0.183263
0.373987 0.712889
0.183263 0.0544744
0.712889 0.761887
0.0544744 0.47466
0.761887 0.49164
0.47466 0.878275
0.49164 0.50811
0.878275 0.0250424
0.50811 0.237141
0.0250424 0.244147
0.237141 0.612169
0.244147 0.434541
0.612169 0.186909
0.434541 0.399652
0.186909 0.612689
0.399652 0.35902
0.612689 0.31924
0.35902 0.475172
0.31924 0.619024
0.475172 0.295068
0.619024 0.583857
0.295068 0.522218
0.583857 0.942425
0.522218 0.0169577
0.942425 0.421979
0.0169577 0.024206
0.421979 0.424082
0.024206 0.883379
0.424082 0.788798
0.883379 0.663358
0.788798 0.254979
0.663358 0.876005
0.254979 0.653935
0.876005 0.852846
0.653935 0.939341
0.852846 0.853623
0.939341 0.982511
0.853623 0.649401
0.982511 0.916431
0.649401 0.178272
0.916431 0.637219
0.178272 0.0816974
0.637219 0.223249
0.0816974 0.827586
0.223249 0.851437
0.827586 0.297683
0.851437 0.588248
0.297683 0.3117
0.588248 0.49771
0.3117 0.105102
0.49771 0.799351
0.105102 0.100162
0.799351 0.29364
0.100162 0.808554
0.29364 0.161681
0.808554 0.0677999
0.161681 0.365573
0.0677999 0.131339
0.365573 0.453852
0.131339 0.84436
0.453852 0.111576
0.84436 0.530132
0.111576 0.705659
0.530132 0.489387
0.705659 0.585563
0.489387 0.207629
0.585563 0.612797
0.207629 0.0693027
0.612797 0.737242
0.0693027 0.614901
0.737242 0.374046
0.614901 0.813717
0.374046 0.0878043
0.813717 0.610219
0.0878043 0.378146
0.610219 0.323235
0.378146 0.0169108
0.323235 0.569163
0.0169108 0.361527
0.569163 0.273457
0.361527 0.0322853
0.273457 0.662266
0.0322853 0.137994
0.662266 0.124817
0.137994 0.649628
0.124817 0.270385
0.649628 0.499062
0.270385 0.724215
0.499062 0.497295
0.724215 0.0949072
0.497295 0.824436
0.0949072 0.814837
0.824436 0.67065
0.814837 0.582042
0.67065 0.51183
0.582042 0.0816765
0.51183 0.220083
0.0816765 0.383106
0.220083 0.433539
0.383106 0.175332
0.433539 0.491406
0.175332 0.649017
0.491406 0.948017
0.649017 0.552784
0.948017 6.36908e-05
0.552784 0.661075
6.36908e-05 0.261615
0.661075 0.51891
0.261615 0.451057
0.51891 0.983015
0.451057 0.37018
0.983015 0.339355
0.37018 0.301958
0.339355 0.431876
0.301958 0.272023
0.431876 0.626634
0.272023 0.439231
0.626634 0.560698
0.439231 0.587589
0.560698 0.669338
0.587589 0.222093
0.669338 0.681563
0.222093 0.0712639
0.681563 0.23005
0.0712639 0.180083
0.23005 0.896953
0.180083 0.189697
0.896953 0.8152
0.189697 0.658365
0.8152 0.375777
0.658365 0.456874
0.375777 0.187395
0.456874 0.102546
0.187395 0.597505
0.102546 0.837353
0.597505 0.76618
0.837353 0.128707
0.76618 0.379483
0.128707 0.979057
0.379483 0.0718584
0.979057 0.556189
0.0718584 0.947429
0.556189 0.732553
0.947429 0.680046
0.732553 0.616933
0.680046 0.275919
0.616933 0.836534
0.275919 0.694401
0.836534 0.373356
0.694401 0.688409
0.373356 0.900417
0.688409 0.0638465
0.900417 0.714123
0.0638465 0.18629
0.714123 0.513172
0.18629 0.735455
0.513172 0.187238
0.735455 0.115704
0.187238 0.597988
0.115704 0.546486
0.597988 0.787715
0.546486 0.993591
0.787715 0.689614
0.993591 0.508006
0.689614 0.901731
0.508006 0.00708077
0.901731 0.500497
0.00708077 0.51035
0.500497 0.479986
0.51035 0.622095
0.479986 0.424883
0.622095 0.330192
0.424883 0.274297
0.330192 0.528695
0.274297 0.0286548
0.528695 0.203119
0.0286548 0.125406
0.203119 0.173178
0.125406 0.497018
0.173178 0.825426
0.497018 0.863396
0.825426 0.38694
0.863396 0.371093
0.38694 0.920677
0.371093 0.655209
0.920677 0.505451
0.655209 0.620692
0.505451 0.629666
0.620692 0.308804
0.629666 0.887915
0.308804 0.268424
0.887915 0.664959
0.268424 0.12267
0.664959 0.46089
0.12267 0.0340194
0.46089 0.142148
0.0340194 0.91926
0.142148 0.279394
0.91926 0.851371
0.279394 0.204378
0.851371 0.1763
0.204378 0.0253707
0.1763 0.0305256
0.0253707 0.454496
0.0305256 0.601753
0.454496 0.711844
0.601753 0.501385
0.711844 0.0245548
0.501385 0.155762
0.0245548 0.878983
0.155762 0.197011
0.878983 0.695571
0.197011 0.85231
0.695571 0.870564
0.85231 0.126666
0.870564 0.61407
0.126666 0.226282
0.61407 0.433414
0.226282 0.276136
0.433414 0.332405
0.276136 0.229148
0.332405 0.526105
0.229148 0.273149
0.526105 0.721551
0.273149 0.0747953
0.721551 0.0817739
0.0747953 0.039112
0.0817739 0.530482
0.039112 0.806992
0.530482 0.477587
0.806992 0.899264
0.477587 0.671087
0.899264 0.706961
0.671087 0.00408518
0.706961 0.129563
0.00408518 0.958374
0.129563 0.53808
0.958374 0.446391
0.53808 0.234342
0.446391 0.0902742
0.234342 0.842056
0.0902742 0.694831
0.842056 0.322783
0.694831 0.65464
0.322783 0.303747
0.65464 0.717861
0.303747 0.17628
0.717861 0.323763
0.17628 0.855753
0.323763 0.31178
0.855753 0.746587
0.31178 0.989398
0.746587 0.214836
0.989398 0.936113
0.214836 0.137027
0.936113 0.394426
0.137027 0.633253
0.394426 0.238392
0.633253 0.531825
0.238392 0.95079
0.531825 0.48714
0.95079 0.763573
0.48714 0.584323
0.763573 0.359008
0.584323 0.76085
0.359008 0.413391
0.76085 0.760932
0.413391 0.290848
0.760932 0.356804
0.290848 0.309205
0.356804 0.813897
0.309205 0.212219
0.813897 0.0289098
0.212219 0.713331
0.0289098 0.448516
0.713331 0.675138
0.448516 0.847551
0.675138 0.787629
0.847551 0.281496
0.787629 0.830276
0.281496 0.721992
0.830276 0.486689
0.721992 0.575679
0.486689 0.607548
0.575679 0.536802
0.607548 0.424944
0.536802 0.0592616
0.424944 0.270342
0.0592616 0.0930621
0.270342 0.713838
0.0930621 0.959572
0.713838 0.359138
0.959572 0.449862
0.359138 0.324474
0.449862 0.406193
0.324474 0.560633
0.406193 0.109637
0.560633 0.825043
0.109637 0.757655
0.825043 0.480151
0.757655 0.232131
0.480151 0.284006
0.232131 0.363123
0.284006 0.488541
0.363123 0.887121
0.488541 0.246143
0.887121 0.502322
0.246143 0.563123
0.502322 0.808459
0.563123 0.0397978
0.808459 0.192897
0.0397978 0.411285
0.192897 0.0683556
0.411285 0.0283145
0.0683556 0.632973
0.0283145 0.567967
0.632973 0.484274
0.567967 0.985501
0.484274 0.446373
0.985501 0.602762
0.446373 0.942696
0.602762 0.0446378
0.942696 0.418158
0.0446378 0.867528
0.418158 0.691588
0.867528 0.428298
0.691588 0.19306
0.428298 0.467561
0.19306 0.467055
0.467561 0.252851
0.467055 0.114706
0.252851 0.591283
0.114706 0.716718
0.591283 0.311289
0.716718 0.0704722
0.311289 0.230202
0.0704722 0.584632
0.230202 0.464646
0.584632 0.17959
0.464646 0.321912
0.17959 0.854452
0.321912 0.930685
0.854452 0.37351
0.930685 0.445875
0.37351 0.545768
0.445875 0.288282
0.545768 0.447003
0.288282 0.462995
0.447003 0.247226
0.462995 0.994991
0.247226 0.293938
0.994991 0.35021
0.293938 0.803368
0.35021 0.704934
0.803368 0.748109
0.704934 0.0413498
0.748109 0.79954
0.0413498 0.933096
0.79954 0.879669
0.933096 0.723971
0.879669 0.960545
0.723971 0.473992
0.960545 0.951777
0.473992 0.830356
0.951777 0.132524
0.830356 0.810338
0.132524 0.274726
0.810338 0.497844
0.274726 0.119182
0.497844 0.888665
0.119182 0.154046
0.888665 0.494171
0.154046 0.785784
0.494171 0.0639573
0.785784 0.679507
0.0639573 0.0541324
0.679507 0.200698
0.0541324 0.725796
0.200698 0.906036
0.725796 0.213385
0.906036 0.263379
0.213385 0.809554
0.263379 0.755205
0.809554 0.783893
0.755205 0.308556
0.783893 0.131522
0.308556 0.292386
0.131522 0.968374
0.292386 0.952892
0.968374 0.199455
0.952892 0.859996
0.199455 0.086577
0.859996 0.40102
0.086577 0.740028
0.40102 0.93842
0.740028 0.0733529
0.93842 0.659877
0.0733529 0.917814
0.659877 0.60354
0.917814 0.399818
0.60354 0.0497811
0.399818 0.561468
0.0497811 0.839071
0.561468 0.885233
0.839071 0.669398
0.885233 0.00660724
0.669398 0.9753
0.00660724 0.556122
0.9753 0.276702
0.556122 0.370654
0.276702 0.974964
0.370654 0.066502
0.974964 0.535161
0.066502 0.0417542
0.535161 0.107686
0.0417542 0.713378
0.107686 0.0328514
0.713378 0.829849
0.0328514 0.350765
0.829849 0.700334
0.350765 0.132718
0.700334 0.726485
0.132718 0.0304391
0.726485 0.795181
0.0304391 0.298213
0.795181 0.445155
0.298213 0.905693
0.445155 0.770014
0.905693 0.934142
0.770014 0.601699
0.934142 0.93627
0.601699 0.196213
0.93627 0.297347
0.196213 0.105315
0.297347 0.208798
0.105315 0.0800899
0.208798 0.410748
0.0800899 0.0775398
0.410748 0.690833
0.0775398 0.356663
0.690833 0.815002
0.356663 0.795551
0.815002 0.943948
0.795551 0.759699
0.943948 0.570873
0.759699 0.113313
0.570873 0.0888478
0.113313 0.604873
0.0888478 0.713791
0.604873 0.00432096
0.713791 0.891331
0.00432096 0.275784
0.891331 0.599504
0.275784 0.0768716
0.599504 0.0612245
0.0768716 0.182335
0.0612245 0.316912
0.182335 0.549023
0.316912 0.238702
0.549023 0.905817
0.238702 0.628664
0.905817 0.228725
0.628664 0.619225
0.228725 0.312222
0.619225 0.363632
0.312222 0.213809
0.363632 0.665953
0.213809 0.551879
0.665953 0.67947
0.551879 0.361401
0.67947 0.0420216
0.361401 0.583807
0.0420216 0.429037
0.583807 0.877061
0.429037 0.523739
0.877061 0.428852
0.523739 0.0290935
0.428852 0.359834
0.0290935 0.74912
0.359834 0.75046
0.74912 0.307352
0.75046 0.561367
0.307352 0.635494
0.561367 0.775718
0.635494 0.221699
0.775718 0.315398
0.221699 0.810588
0.315398 0.515455
0.810588 0.749533
0.515455 0.866986
0.749533 0.335636
0.866986 0.55135
0.335636 0.554589
0.55135 0.0797075
0.554589 0.507442
0.0797075 0.350351
0.507442 0.556625
0.350351 0.925328
0.556625 0.987246
0.925328 0.351761
0.987246 0.228373
0.351761 0.115332
0.228373 0.437278
0.115332 0.0599702
0.437278 0.777687
0.0599702 0.682173
0.777687 0.60853
0.682173 0.691261
0.60853 0.653082
0.691261 0.0758408
0.653082 0.817302
0.0758408 0.960684
0.817302 0.794381
0.960684 0.689377
0.794381 0.388095
0.689377 0.741032
0.388095 0.614127
0.741032 0.232713
0.614127 0.194443
0.232713 0.839862
0.194443 0.974564
0.839862 0.0556079
0.974564 0.446774
0.0556079 0.308866
0.446774 0.423297
0.308866 0.152496
0.423297 0.666643
0.152496 0.830972
0.666643 0.0204317
0.830972 0.499541
0.0204317 0.423447
0.499541 0.582429
0.423447 0.128151
0.582429 0.411977
0.128151 0.0301262
0.411977 0.103712
0.0301262 0.104165
0.103712 0.0812698
0.104165 0.5135
0.0812698 0.82685
0.5135 0.63773
0.82685 0.378169
0.63773 0.502471
0.378169 0.691907
0.502471 0.958134
0.691907 0.409383
0.958134 0.46707
0.409383 0.170233
0.46707 0.653613
0.170233 0.43012
0.653613 0.888708
0.43012 0.796094
0.888708 0.833665
0.796094 0.770098
0.833665 0.987256
0.770098 0.266428
0.987256 0.203747
0.266428 0.220896
0.203747 0.680483
0.220896 0.145145
0.680483 0.39511
0.145145 0.421234
0.39511 0.331962
0.421234 0.843924
0.331962 0.541254
0.843924 0.709484
0.541254 0.0519374
0.709484 0.542563
0.0519374 0.756249
0.542563 0.411884
0.756249 0.190077
0.411884 0.568981
0.190077 0.181255
0.568981 0.548157
0.181255 0.676027
0.548157 0.99632
0.676027 0.0157592
0.99632 0.724938
0.0157592 0.251399
0.724938 0.641642
0.251399 0.125436
0.641642 0.0612913
0.125436 0.778193
0.0612913 0.395048
0.778193 0.0427621
0.395048 0.450044
0.0427621 0.973662
0.450044 0.236451
0.973662 0.468493
0.236451 0.172463
0.468493 0.248622
0.172463 0.978861
0.248622 0.402242
0.978861 0.389087
0.402242 0.733978
0.389087 0.833606
0.733978 0.691743
0.833606 0.43694
0.691743 0.337995
0.43694 0.941215
0.337995 0.75601
0.941215 0.580137
0.75601 0.708858
0.580137 0.571093
0.708858 0.20213
0.571093 0.569224
0.20213 0.0126891
0.569224 0.0793015
0.0126891 0.929689
0.0793015 0.898767
0.929689 0.00956713
0.898767 0.957613
0.00956713 0.483142
0.957613 0.602357
0.483142 0.209
0.602357 0.922851
0.209 0.542837
0.922851 0.689154
0.542837 0.656976
0.689154 0.874719
0.656976 0.304584
0.874719 0.0651289
0.304584 0.657732
0.0651289 0.563965
0.657732 0.704264
0.563965 0.759289
0.704264 0.0190369
0.759289 0.871119
0.0190369 0.0314068
0.871119 0.51585
0.0314068 0.103189
0.51585 0.523247
0.103189 0.79546
0.523247 0.0383744
0.79546 0.51427
0.0383744 0.158736
0.51427 0.889144
0.158736 0.271044
0.889144 0.0398029
0.271044 0.988984
0.0398029 0.169473
0.988984 0.73134
0.169473 0.63503
0.73134 0.23896
0.63503 0.182077
0.23896 0.64142
0.182077 0.448341
0.64142 0.354133
0.448341 0.373495
0.354133 0.184022
0.373495 0.628557
0.184022 0.125691
0.628557 0.385472
0.125691 0.15153
0.385472 0.38288
0.15153 0.522999
0.38288 0.295692
0.522999 0.675851
0.295692 0.0893463
0.675851 0.776695
0.0893463 0.580395
0.776695 0.62443
0.580395 0.402417
0.62443 0.682559
0.402417 0.6458
0.682559 0.611522
0.6458 0.576711
0.611522 0.760206
0.576711 0.290485
0.760206 0.912536
0.290485 0.0239211
0.912536 0.936183
0.0239211 0.922995
0.936183 0.732287
0.922995 0.170839
0.732287 0.00121783
0.170839 0.1322
0.00121783 0.675587
0.1322 0.780013
0.675587 0.248669
0.780013 0.575967
0.248669 0.67528
0.575967 0.891471
0.67528 0.999811
0.891471 0.886586
0.999811 0.599221
0.886586 0.949122
0.599221 0.19371
0.949122 0.923323
0.19371 0.384998
0.923323 0.612243
0.384998 0.0779771
0.612243 0.129129
0.0779771 0.293715
0.129129 0.491163
0.293715 0.464992
0.491163 0.426045
0.464992 0.663156
0.426045 0.539714
0.663156 0.177265
0.539714 0.84532
0.177265 0.270245
0.84532 0.322341
0.270245 0.242833
0.322341 0.302316
0.242833 0.422293
0.302316 0.105951
0.422293 0.816652
0.105951 0.759917
0.816652 0.210148
0.759917 0.145596
0.210148 0.0121252
0.145596 0.382162
0.0121252 0.898124
0.382162 0.799471
0.898124 0.528806
0.799471 0.962655
0.528806 0.460117
0.962655 0.135608
0.460117 0.283699
0.135608 0.955854
0.283699 0.664373
0.955854 0.992974
0.664373 0.948072
0.992974 0.488561
0.948072 0.423174
0.488561 0.544202
0.423174 0.270438
0.544202 0.834055
0.270438 0.518
0.834055 0.531597
0.518 0.00717219
0.531597 0.0396514
0.00717219 0.331837
0.0396514 0.503594
0.331837 0.438596
0.503594 0.435353
0.438596 0.725151
0.435353 0.304264
0.725151 0.324181
0.304264 0.198131
0.324181 0.866026
0.198131 0.63381
0.866026 0.495671
0.63381 0.475428
0.495671 0.360483
0.475428 0.971038
0.360483 0.374163
0.971038 0.485596
0.374163 0.890161
0.485596 0.0834848
0.890161 0.47498
0.0834848 0.726708
0.47498 0.948959
0.726708 0.16175
0.948959 0.51436
0.16175 0.98031
0.51436 0.307487
0.98031 0.045175
0.307487 0.00673227
0.045175 0.69163
0.00673227 0.523887
0.69163 0.892897
0.523887 0.638718
0.892897 0.472109
0.638718 0.733506
0.472109 0.798664
0.733506 0.349355
0.798664 0.375822
0.349355 0.0418944
0.375822 0.435515
0.0418944 0.462047
0.435515 0.592088
0.462047 0.751602
0.592088 0.400886
0.751602 0.354733
0.400886 0.71983
0.354733 0.0809043
0.71983 0.61934
0.0809043 0.176523
0.61934 0.422515
0.176523 0.37322
0.422515 0.0435864
0.37322 0.516685
0.0435864 0.79266
0.516685 0.203826
0.79266 0.297316
0.203826 0.254259
0.297316 0.841788
0.254259 0.260822
0.841788 0.769628
0.260822 0.0706456
0.769628 0.270263
0.0706456 0.960464
0.270263 0.880088
0.960464 0.615168
0.880088 0.232191
0.615168 0.0819544
0.232191 0.631697
0.0819544 0.212113
0.631697 0.380578
0.212113 0.53253
0.380578 0.700743
0.53253 0.994098
0.700743 0.128452
0.994098 0.867966
0.128452 0.842179
0.867966 0.651778
0.842179 0.0552055
0.651778 0.656949
0.0552055 0.613066
0.656949 0.666459
0.613066 0.381935
0.666459 0.654075
0.381935 0.560406
0.654075 0.768658
0.560406 0.737918
0.768658 0.610264
0.737918 0.97337
0.610264 0.974986
0.97337 0.106415
0.974986 0.928169
0.106415 0.170456
0.928169 0.427355
0.170456 0.590572
0.427355 0.018467
0.590572 0.384161
0.018467 0.887542
0.384161 0.569062
0.887542 0.499365
0.569062 0.464183
0.499365 0.597022
0.464183 0.105676
0.597022 0.868934
0.105676 0.154712
0.868934 0.168416
0.154712 0.638986
0.168416 0.79869
0.638986 0.509945
0.79869 0.401772
0.509945 0.635956
0.401772 0.561219
0.635956 0.211331
0.561219 0.341944
0.211331 0.774984
0.341944 0.413772
0.774984 0.765703
0.413772 0.56701
0.765703 0.840832
0.56701 0.612521
0.840832 0.401149
0.612521 0.149228
0.401149 0.425864
0.149228 0.517611
0.425864 0.314438
0.517611 0.106073
0.314438 0.12842
0.106073 0.0262618
0.12842 0.816994
0.0262618 0.620809
0.816994 0.594754
0.620809 0.725038
0.594754 0.0575119
0.725038 0.0728042
0.0575119 0.172525
0.0728042 0.489753
0.172525 0.896691
0.489753 0.788621
0.896691 0.73527
0.788621 0.205346
0.73527 0.336067
0.205346 0.145157
0.336067 0.433894
0.145157 0.365137
0.433894 0.625798
0.365137 0.475111
0.625798 0.890735
0.475111 0.184466
0.890735 0.453326
0.184466 0.328822
0.453326 0.416606
0.328822 0.378164
0.416606 0.620452
0.378164 0.714499
0.620452 0.65841
0.714499 0.814201
0.65841 0.264333
0.814201 0.952099
0.264333 0.843829
0.952099 0.095644
0.843829 0.896025
0.095644 0.536233
0.896025 0.00723616
0.536233 0.330696
0.00723616 0.929491
0.330696 0.0402942
0.929491 0.630952
0.0402942 0.250804
0.630952 0.794027
0.250804 0.534519
0.794027 0.00743883
0.534519 0.891016
0.00743883 0.120756
0.891016 0.359804
0.120756 0.809102
0.359804 0.0371846
0.809102 0.974935
0.0371846 0.373145
0.974935 0.861887
0.373145 0.825404
0.861887 0.525967
0.825404 0.546016
0.525967 0.360165
0.546016 0.590546
0.360165 0.80939
0.590546 0.140888
0.80939 0.153398
0.140888 0.822305
0.153398 0.662029
0.822305 0.701749
0.662029 0.82425
0.701749 0.862664
0.82425 0.392372
0.862664 0.58965
0.392372 0.660881
0.58965 0.372858
0.660881 0.160364
0.372858 0.651387
0.160364 0.923424
0.651387 0.199148
0.923424 0.0347384
0.199148 0.796219
0.0347384 0.315009
0.796219 0.365751
0.315009 0.161358
0.365751 0.0602973
0.161358 0.646178
0.0602973 0.47465
0.646178 0.0342486
0.47465 0.47093
0.0342486 0.342864
0.47093 0.127229
0.342864 0.0615629
0.127229 0.115504
0.0615629 0.658651
0.115504 0.392777
0.658651 0.209495
0.392777 0.868643
0.209495 0.310982
0.868643 0.894948
0.310982 0.177827
0.894948 0.371773
0.177827 0.105278
0.371773 0.366007
0.105278 0.0842721
0.366007 0.304225
0.0842721 0.181766
0.304225 0.459345
0.181766 0.779437
0.459345 0.426952
0.779437 0.340989
0.426952 0.463728
0.340989 0.910173
0.463728 0.423377
0.910173 0.887957
0.423377 0.610303
0.887957 0.258592
0.610303 0.922888
0.258592 0.895675
0.922888 0.756175
0.895675 0.327888
0.756175 0.429889
0.327888 0.478433
0.429889 0.481716
0.478433 0.147739
0.481716 0.450849
0.147739 0.78783
0.450849 0.324988
0.78783 0.730003
0.324988 0.351227
0.730003 0.705192
0.351227 0.201293
0.705192 0.361872
0.201293 0.0898504
0.361872 0.283086
0.0898504 0.21298
0.283086 0.874727
0.21298 0.799244
0.874727 0.260466
0.799244 0.506117
0.260466 0.097439
0.506117 0.203909
0.097439 0.480097
0.203909 0.614966
0.480097 0.96522
0.614966 0.440889
0.96522 0.330681
0.440889 0.864048
0.330681 0.225191
0.864048 0.449538
0.225191 0.589007
0.449538 0.130423
0.589007 0.131674
0.130423 0.430468
0.131674 0.212692
0.430468 0.34973
0.212692 0.726119
0.34973 0.857168
0.726119 0.900828
0.857168 0.140807
0.900828 0.54174
0.140807 0.787759
0.54174 0.0866158
0.787759 0.72346
0.0866158 0.694425
0.72346 0.299806
0.694425 0.407857
0.299806 0.45227
0.407857 0.322808
0.45227 0.526536
0.322808 0.903069
0.526536 0.482839
0.903069 0.877114
0.482839 0.00731497
0.877114 0.745905
0.00731497 0.736722
0.745905 0.333013
0.736722 0.753405
0.333013 0.949671
0.753405 0.269275
0.949671 0.427867
0.269275 0.236403
0.427867 0.774116
0.236403 0.182912
0.774116 0.551982
0.182912 0.938599
0.551982 0.369863
0.938599 0.651191
0.369863 0.671342
0.651191 0.533684
0.671342 0.0288747
0.533684 0.977685
0.0288747 0.199078
0.977685 0.460192
0.199078 0.393972
0.460192 0.117272
0.393972 0.716613
0.117272 0.525126
0.716613 0.544578
0.525126 0.214803
0.544578 0.0289157
0.214803 0.224458
0.0289157 0.131485
0.224458 0.280208
0.131485 0.233789
0.280208 0.039815
0.233789 0.544486
0.039815 0.290653
0.544486 0.179982
0.290653 0.66888
0.179982 0.456024
0.66888 0.199722
0.456024 0.896275
0.199722 0.70774
0.896275 0.910108
0.70774 0.695124
0.910108 0.730432
0.695124 0.341587
0.730432 0.362917
0.341587 0.218994
0.362917 0.860229
0.218994 0.404402
0.860229 0.208743
0.404402 0.145793
0.208743 0.775142
0.145793 0.484513
0.775142 0.825351
0.484513 0.406612
0.825351 0.888963
0.406612 0.403212
0.888963 0.429883
0.403212 0.48074
0.429883 0.961752
0.48074 0.0648372
0.961752 0.589578
0.0648372 0.115237
0.589578 0.886754
0.115237 0.00266054
0.886754 0.63844
0.00266054 0.607069
0.63844 0.975592
0.607069 0.199488
0.975592 0.725307
0.199488 0.0569752
0.725307 0.846638
0.0569752 0.887536
0.846638 0.568118
0.887536 0.73981
0.568118 0.823065
0.73981 0.862015
0.823065 0.475646
0.862015 0.458069
0.475646 0.681655
0.458069 0.483557
0.681655 0.31509
0.483557 0.894709
0.31509 0.047391
0.894709 0.922234
0.047391 0.498222
0.922234 0.29177
0.498222 0.38311
0.29177 0.0310215
0.38311 0.134675
0.0310215 0.568776
0.134675 0.755315
0.568776 0.947151
0.755315 0.841257
0.947151 0.75196
0.841257 0.138785
0.75196 0.175844
0.138785 0.120477
0.175844 0.71076
0.120477 0.977715
0.71076 0.842029
0.977715 0.642095
0.842029 0.360002
0.642095 0.537266
0.360002 0.548772
0.537266 0.724515
0.548772 0.202088
0.724515 0.659132
0.202088 0.159355
0.659132 0.189367
0.159355 0.522322
0.189367 0.771462
0.522322 0.502113
0.771462 0.806819
0.502113 0.0546866
0.806819 0.929277
0.0546866 0.458711
0.929277 0.180549
0.458711 0.778658
0.180549 0.861617
0.778658 0.215519
0.861617 0.0943262
0.215519 0.2658
0.0943262 0.568209
0.2658 0.058374
0.568209 0.385727
0.058374 0.914479
0.385727 0.432488
0.914479 0.427328
0.432488 0.00376402
0.427328 0.260509
0.00376402 0.849288
0.260509 0.959344
0.849288 0.402187
0.959344 0.2992
0.402187 0.282376
0.2992 0.978136
0.282376 0.454121
0.978136 0.275631
0.454121 0.594233
0.275631 0.168416
0.594233 0.664797
0.168416 0.740197
0.664797 0.818561
0.740197 0.837861
0.818561 0.110897
0.837861 0.861892
0.110897 0.311013
0.861892 0.857184
0.311013 0.824928
0.857184 0.677872
0.824928 0.130438
0.677872 0.00570188
0.130438 0.132773
0.00570188 0.213675
0.132773 0.380961
0.213675 0.198391
0.380961 0.0931821
0.198391 0.993446
0.0931821 0.17153
0.993446 0.536958
0.17153 0.000615063
0.536958 0.910942
0.000615063 0.812038
0.910942 0.5987
0.812038 0.471419
0.5987 0.249124
0.471419 0.0748926
0.249124 0.020106
0.0748926 0.629735
0.020106 0.254139
0.629735 0.064547
0.254139 0.425658
0.064547 0.195806
0.425658 0.174836
0.195806 0.58606
0.174836 0.0172379
0.58606 0.80587
0.0172379 0.989713
0.80587 0.981549
0.989713 0.343337
0.981549 0.260494
0.343337 0.336992
0.260494 0.558096
0.336992 0.358321
0.558096 0.63252
0.358321 0.903579
0.63252 0.586952
0.903579 0.29358
0.586952 0.348462
0.29358 0.542125
0.348462 0.266729
0.542125 0.717194
0.266729 0.92534
0.717194 0.489312
0.92534 0.969963
0.489312 0.305179
0.969963 0.572969
0.305179 0.910255
0.572969 0.159769
0.910255 0.0181071
0.159769 0.725403
0.0181071 0.54949
0.725403 0.0531797
0.54949 0.90222
0.0531797 0.397895
0.90222 0.0488545
0.397895 0.0892393
0.0488545 0.716908
0.0892393 0.566985
0.716908 0.419652
0.566985 0.609322
0.419652 0.934174
0.609322 0.250651
0.934174 0.76304
0.250651 0.389176
0.76304 0.0733796
0.389176 0.876542
0.0733796 0.298115
0.876542 0.681973
0.298115 0.75713
0.681973 0.42884
0.75713 0.0237063
0.42884 0.509397
0.0237063 0.662007
0.509397 0.493181
0.662007 0.793085
0.493181 0.32857
0.793085 0.882557
0.32857 0.376709
0.882557 0.204982
0.376709 0.502871
0.204982 0.965197
0.502871 0.358527
0.965197 0.357826
0.358527 0.179517
0.357826 0.00677809
0.179517 0.437246
0.00677809 0.0276472
0.437246 0.925688
0.0276472 0.965213
0.925688 0.508362
0.965213 0.511694
0.508362 0.31429
0.511694 0.717409
0.31429 0.334642
0.717409 0.61436
0.334642 0.53847
0.61436 0.360198
0.53847 0.478693
0.360198 0.918069
0.478693 0.913021
0.918069 0.941842
0.913021 0.716132
0.941842 0.854514
0.716132 0.630503
0.854514 0.584718
0.630503 0.868258
0.584718 0.888774
0.868258 0.206634
0.888774 0.859636
0.206634 0.386807
0.859636 0.689011
0.386807 0.916542
0.689011 0.801553
0.916542 0.125097
0.801553 0.983705
0.125097 0.0377752
0.983705 0.543883
0.0377752 0.423309
0.543883 0.672394
0.423309 0.476825
0.672394 0.997163
0.476825 0.628886
0.997163 0.222986
0.628886 0.427417
0.222986 0.669608
0.427417 0.347842
0.669608 0.494564
0.347842 0.245108
0.494564 0.990806
0.245108 0.314019
0.990806 0.0291704
0.314019 0.468951
0.0291704 0.240553
0.468951 0.868604
0.240553 0.391211
0.868604 0.344952
0.391211 0.731404
0.344952 0.0703644
0.731404 0.935312
0.0703644 0.757253
0.935312 0.0171253
0.757253 0.958782
0.0171253 0.686049
0.958782 0.370541
0.686049 0.16129
0.370541 0.0185
0.16129 0.900466
0.0185 0.704512
0.900466 0.449708
0.704512 0.943733
0.449708 0.813302
0.943733 0.0749416
0.813302 0.635215
0.0749416 0.050843
0.635215 0.465273
0.050843 0.347884
0.465273 0.152399
0.347884 0.0241501
0.152399 0.184364
0.0241501 0.118319
0.184364 0.154585
0.118319 0.860521
0.154585 0.275227
0.860521 0.339001
0.275227 0.186747
0.339001 0.784261
0.186747 0.996972
0.784261 0.672578
0.996972 0.330618
0.672578 0.154267
0.330618 0.907772
0.154267 0.415077
0.907772 0.980085
0.415077 0.437342
0.980085 0.0974475
0.437342 0.747151
0.0974475 0.202109
0.747151 0.542168
0.202109 0.842728
0.542168 0.233272
0.842728 0.0838546
0.233272 0.606893
0.0838546 0.766077
0.606893 0.606212
0.766077 0.476321
0.606212 0.474009
0.476321 0.115853
0.474009 0.826136
0.115853 0.375468
0.826136 0.683167
0.375468 0.81435
0.683167 0.86278
0.81435 0.916047
0.86278 0.020901
0.916047 0.962604
0.020901 0.770958
0.962604 0.569283
0.770958 0.994025
0.569283 0.455868
0.994025 0.328414
0.455868 0.464638
0.328414 0.774233
0.464638 0.566389
0.774233 0.0384429
0.566389 0.237245
0.0384429 0.648717
0.237245 0.340052
0.648717 0.755831
0.340052 0.896928
0.755831 0.327859
0.896928 0.785129
0.327859 0.176121
0.785129 0.245946
0.176121 0.575599
0.245946 0.711787
0.575599 0.446811
0.711787 0.311335
0.446811 0.756759
0.311335 0.0146309
0.756759 0.112566
0.0146309 0.976536
0.112566 0.538443
0.976536 0.493211
0.538443 0.0862884
0.493211 0.729354
0.0862884 0.0249858
0.729354 0.15748
0.0249858 0.407095
0.15748 0.558517
0.407095 0.37161
0.558517 0.384912
0.37161 0.0785363
0.384912 0.468571
0.0785363 0.563133
0.468571 0.335665
0.563133 0.108006
0.335665 0.579986
0.108006 0.62135
0.579986 0.58571
0.62135 0.962277
0.58571 0.66357
0.962277 0.900881
0.66357 0.869421
0.900881 0.639024
0.869421 0.721967
0.639024 0.323976
0.721967 0.524707
0.323976 0.457066
0.524707 0.358517
0.457066 0.125526
0.358517 0.538356
0.125526 0.108895
0.538356 0.606932
0.108895 0.599878
0.606932 0.683844
0.599878 0.530826
0.683844 0.988381
0.530826 0.343228
0.988381 0.233399
0.343228 0.446725
0.233399 0.41859
0.446725 0.144914
0.41859 0.641164
0.144914 0.317543
0.641164 0.15627
0.317543 0.173381
0.15627 0.506638
0.173381 0.252174
0.506638 0.279647
0.252174 0.862705
0.279647 0.160775
0.862705 0.077577
0.160775 0.699846
0.077577 0.0597067
0.699846 0.964774
0.0597067 0.628471
0.964774 0.127288
0.628471 0.752578
0.127288 0.0723376
0.752578 0.937449
0.0723376 0.787544
0.937449 0.297077
0.787544 0.685706
0.297077 0.553576
0.685706 0.715929
0.553576 0.824654
0.715929 0.655685
0.824654 0.764998
0.655685 0.0135657
0.764998 0.585904
0.0135657 0.682748
0.585904 0.798837
0.682748 0.733716
0.798837 0.492681
0.733716 0.0914029
0.492681 0.766296
0.0914029 0.0767439
0.766296 0.635732
0.0767439 0.837288
0.635732 0.288857
0.837288 0.594129
0.288857 0.0735054
0.594129 0.388081
0.0735054 0.051448
0.388081 0.856576
0.051448 0.502692
0.856576 0.843382
0.502692 0.0698325
0.843382 0.736929
0.0698325 0.548844
0.736929 0.170436
0.548844 0.312024
0.170436 0.248943
0.312024 0.99697
0.248943 0.0297792
0.99697 0.669985
0.0297792 0.475313
0.669985 0.754241
0.475313 0.443395
0.754241 0.848131
0.443395 0.384792
0.848131 0.826116
0.384792 0.745992
0.826116 0.0252892
0.745992 0.00654702
0.0252892 0.907901
0.00654702 0.269063
0.907901 0.10819
0.269063 0.801093
0.10819 0.629216
0.801093 0.516442
0.629216 0.800686
0.516442 0.364069
0.800686 0.159264
0.364069 0.678151
0.159264 0.165409
0.678151 0.325297
0.165409 0.0904714
0.325297 0.300045
0.0904714 0.116046
0.300045 0.0129033
0.116046 0.33715
0.0129033 0.631499
0.33715 0.193278
0.631499 0.166457
0.193278 0.573848
0.166457 0.797103
0.573848 0.0202205
0.797103 0.457315
0.0202205 0.302649
0.457315 0.824313
0.302649 0.293799
0.824313 0.697192
0.293799 0.524162
0.697192 0.256157
0.524162 0.117251
0.256157 0.886186
0.117251 0.152285
0.886186 0.334962
0.152285 0.554537
0.334962 0.998203
0.554537 0.276655
0.998203 0.551875
0.276655 0.157128
0.551875 0.690144
0.157128 0.661022
0.690144 0.0734442
0.661022 0.733986
0.0734442 0.545466
0.733986 0.268063
0.545466 0.908754
0.268063 0.103719
0.908754 0.37463
0.103719 0.601613
0.37463 0.655563
0.601613 0.264517
0.655563 0.146675
0.264517 0.196163
0.146675 0.962347
0.196163 0.751124
0.962347 0.132275
0.751124 0.343288
0.132275 0.941064
0.343288 0.304743
0.941064 0.0681114
0.304743 0.229808
0.0681114 0.010593
0.229808 0.620114
0.010593 0.0282054
0.620114 0.270339
0.0282054 0.871799
0.270339 0.348787
0.871799 0.0703545
0.348787 0.860443
0.0703545 0.169677
0.860443 0.503922
0.169677 0.203241
0.503922 0.146354
0.203241 0.0618721
0.146354 0.735678
0.0618721 0.406052
0.735678 0.263204
0.406052 0.42512
0.263204 0.577469
0.42512 0.0295321
0.577469 0.0858169
0.0295321 0.0945407
0.0858169 0.294795
0.0945407 0.632371
0.294795 0.690139
0.632371 0.539424
0.690139 0.0979669
0.539424 0.0857015
0.0979669 0.400421
0.0857015 0.380052
0.400421 0.16839
0.380052 0.131111
0.16839 0.702239
0.131111 0.413584
0.702239 0.732898
0.413584 0.514768
0.732898 0.651315
0.514768 0.372168
0.651315 0.239886
0.372168 0.162844
0.239886 0.548474
0.162844 0.402324
0.548474 0.892444
0.402324 0.434521
0.892444 0.771477
0.434521 0.591513
0.771477 0.0305008
0.591513 0.0867659
0.0305008 0.583682
0.0867659 0.645807
0.583682 0.0797381
0.645807 0.602312
0.0797381 0.965808
0.602312 0.41738
0.965808 0.0772153
0.41738 0.13235
0.0772153 0.87996
0.13235 0.316103
0.87996 0.611675
0.316103 0.70755
0.611675 0.310644
0.70755 0.996819
0.310644 0.378126
0.996819 0.683649
0.378126 0.435514
0.683649 0.782791
0.435514 0.541001
0.782791 0.0882715
0.541001 0.560235
0.0882715 0.942412
0.560235 0.954153
0.942412 0.0622388
0.954153 0.247223
0.0622388 0.174673
0.247223 0.852266
0.174673 0.149359
0.852266 0.809565
0.149359 0.127409
0.809565 0.0135972
0.127409 0.833869
0.0135972 0.977554
0.833869 0.54278
0.977554 0.130393
0.54278 0.620779
0.130393 0.472931
0.620779 0.0137208
0.472931 0.685143
0.0137208 0.905611
0.685143 0.638647
0.905611 0.545465
0.638647 0.47541
0.545465 0.425651
0.47541 0.0179084
0.425651 0.650669
0.0179084 0.576428
0.650669 0.0716707
0.576428 0.680084
0.0716707 0.300923
0.680084 0.977583
0.300923 0.630604
0.977583 0.942953
0.630604 0.872709
0.942953 0.0576833
0.872709 0.639242
0.0576833 0.820592
