-3 -0.3
-2.94472 2.65358
-2.88945 4.29664
-2.83417 5.0033
-2.77889 5.06559
-2.72362 4.70808
-2.66834 4.10034
-2.61307 3.36752
-2.55779 2.59922
-2.50251 1.857
-2.44724 1.18059
-2.39196 0.593007
-2.33668 0.104801
-2.28141 -0.282539
-2.22613 -0.573832
-2.17085 -0.778029
-2.11558 -0.906512
-2.0603 -0.971796
-2.00503 -0.986567
-1.94975 -0.96298
-1.89447 -0.912186
-1.8392 -0.844035
-1.78392 -0.766911
-1.72864 -0.687683
-1.67337 -0.61173
-1.61809 -0.543023
-1.56281 -0.484257
-1.50754 -0.436994
-1.45226 -0.401834
-1.39698 -0.378577
-1.34171 -0.366393
-1.28643 -0.363975
-1.23116 -0.369685
-1.17588 -0.38168
-1.1206 -0.398029
-1.06533 -0.416809
-1.01005 -0.436177
-0.954774 -0.45444
-0.899497 -0.470098
-0.844221 -0.481876
-0.788945 -0.488745
-0.733668 -0.48993
-0.678392 -0.484906
-0.623116 -0.473394
-0.567839 -0.455338
-0.512563 -0.43089
-0.457286 -0.400381
-0.40201 -0.364296
-0.346734 -0.323244
-0.291457 -0.277931
-0.236181 -0.229131
-0.180905 -0.177659
-0.125628 -0.124344
-0.0703518 -0.0700104
-0.0150754 -0.0154549
0.040201 0.0385701
0.0954774 0.0913708
0.150754 0.142323
0.20603 0.190881
0.261307 0.236584
0.316583 0.279056
0.371859 0.31801
0.427136 0.353244
0.482412 0.384639
0.537688 0.412153
0.592965 0.435815
0.648241 0.455716
0.703518 0.472004
0.758794 0.484872
0.81407 0.494552
0.869347 0.501303
0.924623 0.505405
0.979899 0.507151
1.03518 0.506838
1.09045 0.50476
1.14573 0.501202
1.20101 0.496436
1.25628 0.490716
1.31156 0.484274
1.36683 0.477317
1.42211 0.470028
1.47739 0.46256
1.53266 0.455044
1.58794 0.44758
1.64322 0.440248
1.69849 0.433101
1.75377 0.426174
1.80905 0.419481
1.86432 0.413024
1.9196 0.406791
1.97487 0.400758
2.03015 0.394898
2.08543 0.389178
2.1407 0.383564
2.19598 0.378021
2.25126 0.37252
2.30653 0.367033
2.36181 0.36154
2.41709 0.356027
2.47236 0.350487
2.52764 0.344918
2.58291 0.339329
2.63819 0.333732
2.69347 0.328146
2.74874 0.322594
2.80402 0.317104
2.8593 0.311705
2.91457 0.306426
2.96985 0.301296
3.02513 0.296343
3.0804 0.29159
3.13568 0.287057
3.19095 0.282756
3.24623 0.278696
3.30151 0.274878
3.35678 0.271296
3.41206 0.267937
3.46734 0.264781
3.52261 0.261804
3.57789 0.258977
3.63317 0.256264
3.68844 0.25363
3.74372 0.251037
3.79899 0.248448
3.85427 0.245829
3.90955 0.243147
3.96482 0.240378
4.0201 0.237501
4.07538 0.234505
4.13065 0.231386
4.18593 0.228151
4.24121 0.224814
4.29648 0.221402
4.35176 0.217947
4.40704 0.214491
4.46231 0.211082
4.51759 0.207773
4.57286 0.204618
4.62814 0.201672
4.68342 0.198987
4.73869 0.19661
4.79397 0.194577
4.84925 0.192916
4.90452 0.191638
4.9598 0.190739
5.01508 0.190194
5.07035 0.189961
5.12563 0.189977
5.1809 0.190157
5.23618 0.190399
5.29146 0.190585
5.34673 0.190583
5.40201 0.190255
5.45729 0.189458
5.51256 0.188058
5.56784 0.18593
5.62312 0.182975
5.67839 0.179124
5.73367 0.174349
5.78894 0.168674
5.84422 0.16218
5.8995 0.155019
5.95477 0.147414
6.01005 0.139664
6.06533 0.132145
6.1206 0.125305
6.17588 0.119655
6.23116 0.115751
6.28643 0.11418
6.34171 0.115522
6.39698 0.120322
6.45226 0.129042
6.50754 0.142007
6.56281 0.159353
6.61809 0.180953
6.67337 0.206354
6.72864 0.234697
6.78392 0.264652
6.8392 0.294348
6.89447 0.321317
6.94975 0.342461
7.00503 0.354044
7.0603 0.351724
7.11558 0.330639
7.17085 0.28557
7.22613 0.211189
7.28141 0.102432
7.33668 -0.0449892
7.39196 -0.233885
7.44724 -0.464676
7.50251 -0.734203
7.55779 -1.03422
7.61307 -1.34951
7.66834 -1.65553
7.72362 -1.91553
7.77889 -2.07707
7.83417 -2.06774
7.88945 -1.79006
7.94472 -1.11545
8 0.123077
