-3 -0.3
-2.94472 -0.0794078
-2.88945 0.089026
-2.83417 0.212154
-2.77889 0.296211
-2.72362 0.346852
-2.66834 0.369196
-2.61307 0.36786
-2.55779 0.346996
-2.50251 0.310323
-2.44724 0.26116
-2.39196 0.202458
-2.33668 0.136822
-2.28141 0.0665464
-2.22613 -0.0063679
-2.17085 -0.0801842
-2.11558 -0.15341
-2.0603 -0.224775
-2.00503 -0.293212
-1.94975 -0.357838
-1.89447 -0.417936
-1.8392 -0.472943
-1.78392 -0.522426
-1.72864 -0.566078
-1.67337 -0.603697
-1.61809 -0.635178
-1.56281 -0.660501
-1.50754 -0.679718
-1.45226 -0.692947
-1.39698 -0.700358
-1.34171 -0.702171
-1.28643 -0.698643
-1.23116 -0.690064
-1.17588 -0.676748
-1.1206 -0.659031
-1.06533 -0.637262
-1.01005 -0.6118
-0.954774 -0.58301
-0.899497 -0.551259
-0.844221 -0.516911
-0.788945 -0.480326
-0.733668 -0.441856
-0.678392 -0.401845
-0.623116 -0.360623
-0.567839 -0.318507
-0.512563 -0.275801
-0.457286 -0.232791
-0.40201 -0.189747
-0.346734 -0.146921
-0.291457 -0.104547
-0.236181 -0.0628399
-0.180905 -0.0219979
-0.125628 0.0178011
-0.0703518 0.0563974
-0.0150754 0.0936493
0.040201 0.129433
0.0954774 0.163643
0.150754 0.196188
0.20603 0.226997
0.261307 0.256011
0.316583 0.283188
0.371859 0.308499
0.427136 0.331929
0.482412 0.353475
0.537688 0.373146
0.592965 0.390962
0.648241 0.406952
0.703518 0.421153
0.758794 0.433614
0.81407 0.444387
0.869347 0.453532
0.924623 0.461115
0.979899 0.467207
1.03518 0.471882
1.09045 0.475218
1.14573 0.477294
1.20101 0.478194
1.25628 0.477999
1.31156 0.476794
1.36683 0.474662
1.42211 0.471687
1.47739 0.46795
1.53266 0.463531
1.58794 0.45851
1.64322 0.452962
1.69849 0.44696
1.75377 0.440576
1.80905 0.433875
1.86432 0.426922
1.9196 0.419777
1.97487 0.412495
2.03015 0.405129
2.08543 0.397726
2.1407 0.390332
2.19598 0.382985
2.25126 0.375722
2.30653 0.368574
2.36181 0.361568
2.41709 0.35473
2.47236 0.348078
2.52764 0.34163
2.58291 0.335397
2.63819 0.32939
2.69347 0.323615
2.74874 0.318075
2.80402 0.312771
2.8593 0.307701
2.91457 0.302861
2.96985 0.298244
3.02513 0.293843
3.0804 0.289647
3.13568 0.285646
3.19095 0.281828
3.24623 0.278178
3.30151 0.274683
3.35678 0.27133
3.41206 0.268102
3.46734 0.264987
3.52261 0.261969
3.57789 0.259033
3.63317 0.256168
3.68844 0.253359
3.74372 0.250595
3.79899 0.247864
3.85427 0.245156
3.90955 0.242463
3.96482 0.239776
4.0201 0.23709
4.07538 0.234398
4.13065 0.231698
4.18593 0.228987
4.24121 0.226263
4.29648 0.223529
4.35176 0.220784
4.40704 0.218033
4.46231 0.215279
4.51759 0.212527
4.57286 0.209785
4.62814 0.207058
4.68342 0.204356
4.73869 0.201686
4.79397 0.199058
4.84925 0.196481
4.90452 0.193965
4.9598 0.191519
5.01508 0.189152
5.07035 0.186873
5.12563 0.18469
5.1809 0.182612
5.23618 0.180645
5.29146 0.178795
5.34673 0.177065
5.40201 0.17546
5.45729 0.173979
5.51256 0.172624
5.56784 0.171392
5.62312 0.170279
5.67839 0.16928
5.73367 0.168385
5.78894 0.167586
5.84422 0.16687
5.8995 0.166222
5.95477 0.165628
6.01005 0.165068
6.06533 0.164523
6.1206 0.163971
6.17588 0.163389
6.23116 0.162754
6.28643 0.16204
6.34171 0.161222
6.39698 0.160274
6.45226 0.159172
6.50754 0.157889
6.56281 0.156404
6.61809 0.154695
6.67337 0.152743
6.72864 0.150532
6.78392 0.148052
6.8392 0.145297
6.89447 0.142264
6.94975 0.138962
7.00503 0.135403
7.0603 0.131611
7.11558 0.127619
7.17085 0.12347
7.22613 0.119222
7.28141 0.114944
7.33668 0.110723
7.39196 0.106661
7.44724 0.102878
7.50251 0.0995147
7.55779 0.0967318
7.61307 0.0947137
7.66834 0.0936692
7.72362 0.0938335
7.77889 0.0954697
7.83417 0.0988707
7.88945 0.104361
7.94472 0.112299
8 0.123077
