12.0136 3.74575e-05
36.0409 0.000307984
60.0682 0.000915627
84.0954 0.00168559
108.123 0.00230988
132.15 0.00330874
156.177 0.00367499
180.204 0.00387477
204.232 0.003958
228.259 0.00377488
252.286 0.00382482
276.313 0.00310064
300.341 0.00275104
324.368 0.0022308
348.395 0.00175634
372.423 0.00122777
396.45 0.000948922
420.477 0.000699206
444.504 0.000453651
468.532 0.000328793
492.559 0.00012902
516.586 0.000133182
540.613 9.15627e-05
564.641 4.16194e-05
588.668 2.49716e-05
612.695 1.66478e-05
636.722 0
660.75 4.16194e-06
684.777 8.32388e-06
708.804 0
