12.0136 4.20356e-05
36.0409 0.000341279
60.0682 0.000893985
84.0954 0.00160942
108.123 0.00230197
132.15 0.00304737
156.177 0.00359259
180.204 0.00395426
204.232 0.00409035
228.259 0.00393886
252.286 0.00370746
276.313 0.00319346
300.341 0.00276686
324.368 0.00223205
348.395 0.00172762
372.423 0.00134639
396.45 0.000935604
420.477 0.000678812
444.504 0.000446992
468.532 0.000285093
492.559 0.000196444
516.586 0.000121529
540.613 7.78283e-05
564.641 3.8706e-05
588.668 2.45554e-05
612.695 1.66478e-05
636.722 5.82672e-06
660.75 4.16194e-06
684.777 8.32388e-07
708.804 0
