12.0136 4.94855e-05
36.0409 0.000345316
60.0682 0.000888116
84.0954 0.00157837
108.123 0.0023433
132.15 0.00304762
156.177 0.00362164
180.204 0.00394111
204.232 0.00405323
228.259 0.00395234
252.286 0.00363204
276.313 0.00325106
300.341 0.00274497
324.368 0.00224483
348.395 0.00174106
372.423 0.00132986
396.45 0.000950379
420.477 0.000673776
444.504 0.000460602
468.532 0.000300617
492.559 0.000187038
516.586 0.000124858
540.613 6.95044e-05
564.641 4.10367e-05
588.668 2.17669e-05
612.695 1.18199e-05
636.722 6.61748e-06
660.75 3.8706e-06
684.777 1.53992e-06
708.804 1.12372e-06
