12.0136 0.000124858
36.0409 0.000499433
60.0682 0.000957246
84.0954 0.0014983
108.123 0.00291336
132.15 0.00266364
156.177 0.00357927
180.204 0.00357927
204.232 0.0038706
228.259 0.00449489
252.286 0.00374575
276.313 0.00345441
300.341 0.00274688
324.368 0.00208097
348.395 0.00174801
372.423 0.00124858
396.45 0.00066591
420.477 0.00066591
444.504 0.000249716
468.532 0.000416194
492.559 8.32388e-05
516.586 0.000166478
540.613 0.000124858
564.641 0
588.668 0
612.695 4.16194e-05
636.722 0
660.75 0
684.777 0
708.804 0
