-3 -0.123319
-2.94472 -0.186098
-2.88945 -0.243722
-2.83417 -0.296387
-2.77889 -0.344287
-2.72362 -0.387609
-2.66834 -0.426539
-2.61307 -0.461256
-2.55779 -0.491939
-2.50251 -0.518758
-2.44724 -0.541884
-2.39196 -0.561481
-2.33668 -0.577711
-2.28141 -0.590731
-2.22613 -0.600695
-2.17085 -0.607754
-2.11558 -0.612052
-2.0603 -0.613734
-2.00503 -0.612939
-1.94975 -0.609803
-1.89447 -0.604457
-1.8392 -0.597031
-1.78392 -0.58765
-1.72864 -0.576436
-1.67337 -0.563508
-1.61809 -0.548982
-1.56281 -0.532969
-1.50754 -0.515578
-1.45226 -0.496916
-1.39698 -0.477085
-1.34171 -0.456184
-1.28643 -0.43431
-1.23116 -0.411556
-1.17588 -0.388013
-1.1206 -0.363767
-1.06533 -0.338905
-1.01005 -0.313507
-0.954774 -0.287651
-0.899497 -0.261415
-0.844221 -0.234872
-0.788945 -0.208091
-0.733668 -0.181141
-0.678392 -0.154087
-0.623116 -0.126991
-0.567839 -0.0999143
-0.512563 -0.0729131
-0.457286 -0.0460428
-0.40201 -0.019356
-0.346734 0.00709749
-0.291457 0.0332698
-0.236181 0.0591156
-0.180905 0.0845919
-0.125628 0.109658
-0.0703518 0.134275
-0.0150754 0.158407
0.040201 0.18202
0.0954774 0.205082
0.150754 0.227562
0.20603 0.249433
0.261307 0.270669
0.316583 0.291246
0.371859 0.311141
0.427136 0.330336
0.482412 0.34881
0.537688 0.366549
0.592965 0.383537
0.648241 0.399762
0.703518 0.415211
0.758794 0.429876
0.81407 0.443749
0.869347 0.456822
0.924623 0.469092
0.979899 0.480555
1.03518 0.491209
1.09045 0.501054
1.14573 0.510091
1.20101 0.518322
1.25628 0.52575
1.31156 0.532381
1.36683 0.538222
1.42211 0.543278
1.47739 0.547559
1.53266 0.551075
1.58794 0.553836
1.64322 0.555855
1.69849 0.557143
1.75377 0.557716
1.80905 0.557587
1.86432 0.556772
1.9196 0.555289
1.97487 0.553153
2.03015 0.550384
2.08543 0.547001
2.1407 0.543022
2.19598 0.538469
2.25126 0.533362
2.30653 0.527723
2.36181 0.521573
2.41709 0.514936
2.47236 0.507835
2.52764 0.500293
2.58291 0.492333
2.63819 0.483981
2.69347 0.475262
2.74874 0.466199
2.80402 0.456818
2.8593 0.447145
2.91457 0.437205
2.96985 0.427024
3.02513 0.416627
3.0804 0.406042
3.13568 0.395293
3.19095 0.384407
3.24623 0.373409
3.30151 0.362325
3.35678 0.351181
3.41206 0.340003
3.46734 0.328815
3.52261 0.317643
3.57789 0.306512
3.63317 0.295445
3.68844 0.284468
3.74372 0.273604
3.79899 0.262876
3.85427 0.252307
3.90955 0.241919
3.96482 0.231734
4.0201 0.221774
4.07538 0.212059
4.13065 0.202608
4.18593 0.193442
4.24121 0.184579
4.29648 0.176035
4.35176 0.167829
4.40704 0.159977
4.46231 0.152492
4.51759 0.145391
4.57286 0.138686
4.62814 0.132389
4.68342 0.126512
4.73869 0.121065
4.79397 0.116057
4.84925 0.111495
4.90452 0.107388
4.9598 0.103739
5.01508 0.100554
5.07035 0.0978352
5.12563 0.0955844
5.1809 0.0938018
5.23618 0.0924861
5.29146 0.0916348
5.34673 0.0912437
5.40201 0.0913071
5.45729 0.0918178
5.51256 0.0927668
5.56784 0.0941438
5.62312 0.0959366
5.67839 0.0981312
5.73367 0.100712
5.78894 0.103661
5.84422 0.10696
5.8995 0.110587
5.95477 0.11452
6.01005 0.118732
6.06533 0.123198
6.1206 0.127887
6.17588 0.13277
6.23116 0.137812
6.28643 0.142979
6.34171 0.148232
6.39698 0.153533
6.45226 0.158839
6.50754 0.164105
6.56281 0.169286
6.61809 0.174332
6.67337 0.179192
6.72864 0.183811
6.78392 0.188135
6.8392 0.192103
6.89447 0.195654
6.94975 0.198725
7.00503 0.201249
7.0603 0.203156
7.11558 0.204374
7.17085 0.20483
7.22613 0.204444
7.28141 0.203137
7.33668 0.200825
7.39196 0.197423
7.44724 0.192841
7.50251 0.186987
7.55779 0.179767
7.61307 0.171081
7.66834 0.160829
7.72362 0.148907
7.77889 0.135207
7.83417 0.119618
7.88945 0.102026
7.94472 0.0823137
8 0.0603613
