-3 -0.296332
-2.94472 -0.306788
-2.88945 -0.312559
-2.83417 -0.316151
-2.77889 -0.319124
-2.72362 -0.322359
-2.66834 -0.326273
-2.61307 -0.330979
-2.55779 -0.336408
-2.50251 -0.342398
-2.44724 -0.348756
-2.39196 -0.3553
-2.33668 -0.361881
-2.28141 -0.368396
-2.22613 -0.374793
-2.17085 -0.381066
-2.11558 -0.387246
-2.0603 -0.393395
-2.00503 -0.399588
-1.94975 -0.405907
-1.89447 -0.412427
-1.8392 -0.419208
-1.78392 -0.426288
-1.72864 -0.433671
-1.67337 -0.441333
-1.61809 -0.449208
-1.56281 -0.457197
-1.50754 -0.465165
-1.45226 -0.472944
-1.39698 -0.480338
-1.34171 -0.487125
-1.28643 -0.493068
-1.23116 -0.497917
-1.17588 -0.501416
-1.1206 -0.503311
-1.06533 -0.503358
-1.01005 -0.501324
-0.954774 -0.497
-0.899497 -0.4902
-0.844221 -0.480769
-0.788945 -0.468586
-0.733668 -0.453565
-0.678392 -0.435664
-0.623116 -0.414876
-0.567839 -0.391238
-0.512563 -0.364829
-0.457286 -0.335765
-0.40201 -0.3042
-0.346734 -0.270325
-0.291457 -0.234362
-0.236181 -0.196563
-0.180905 -0.157203
-0.125628 -0.116579
-0.0703518 -0.0750027
-0.0150754 -0.0327973
0.040201 0.00970752
0.0954774 0.0521805
0.150754 0.0942935
0.20603 0.135726
0.261307 0.176169
0.316583 0.21533
0.371859 0.252935
0.427136 0.288732
0.482412 0.322497
0.537688 0.35403
0.592965 0.383164
0.648241 0.40976
0.703518 0.433712
0.758794 0.454946
0.81407 0.47342
0.869347 0.489123
0.924623 0.502075
0.979899 0.512325
1.03518 0.519948
1.09045 0.525046
1.14573 0.527743
1.20101 0.528184
1.25628 0.52653
1.31156 0.522959
1.36683 0.517659
1.42211 0.510826
1.47739 0.502664
1.53266 0.493376
1.58794 0.483168
1.64322 0.472241
1.69849 0.460791
1.75377 0.449005
1.80905 0.43706
1.86432 0.425121
1.9196 0.413337
1.97487 0.401845
2.03015 0.390763
2.08543 0.380191
2.1407 0.370213
2.19598 0.360895
2.25126 0.352284
2.30653 0.344409
2.36181 0.337284
2.41709 0.330906
2.47236 0.325256
2.52764 0.320304
2.58291 0.316005
2.63819 0.312306
2.69347 0.309143
2.74874 0.306448
2.80402 0.304144
2.8593 0.302155
2.91457 0.3004
2.96985 0.298801
3.02513 0.29728
3.0804 0.295765
3.13568 0.294187
3.19095 0.292484
3.24623 0.290603
3.30151 0.288497
3.35678 0.28613
3.41206 0.283475
3.46734 0.280516
3.52261 0.277246
3.57789 0.273667
3.63317 0.269794
3.68844 0.265646
3.74372 0.261255
3.79899 0.256657
3.85427 0.251896
3.90955 0.24702
3.96482 0.242082
4.0201 0.237134
4.07538 0.232234
4.13065 0.227434
4.18593 0.222789
4.24121 0.218348
4.29648 0.214155
4.35176 0.21025
4.40704 0.206666
4.46231 0.203426
4.51759 0.200549
4.57286 0.198041
4.62814 0.195901
4.68342 0.19412
4.73869 0.192679
4.79397 0.191549
4.84925 0.190697
4.90452 0.19008
4.9598 0.18965
5.01508 0.189357
5.07035 0.189145
5.12563 0.188959
5.1809 0.18874
5.23618 0.188437
5.29146 0.187998
5.34673 0.187377
5.40201 0.186536
5.45729 0.185444
5.51256 0.18408
5.56784 0.182433
5.62312 0.180502
5.67839 0.178299
5.73367 0.175845
5.78894 0.173174
5.84422 0.170329
5.8995 0.167361
5.95477 0.164329
6.01005 0.161299
6.06533 0.158336
6.1206 0.155509
6.17588 0.152883
6.23116 0.150517
6.28643 0.148464
6.34171 0.146762
6.39698 0.145439
6.45226 0.144504
6.50754 0.14395
6.56281 0.143749
6.61809 0.143854
6.67337 0.144199
6.72864 0.144702
6.78392 0.145266
6.8392 0.145781
6.89447 0.146138
6.94975 0.146225
7.00503 0.145942
7.0603 0.145208
7.11558 0.143968
7.17085 0.142206
7.22613 0.13995
7.28141 0.13728
7.33668 0.134334
7.39196 0.131303
7.44724 0.128428
7.50251 0.125983
7.55779 0.124249
7.61307 0.12347
7.66834 0.123798
7.72362 0.125205
7.77889 0.12737
7.83417 0.129538
7.88945 0.130325
7.94472 0.127478
8 0.117575
