46.3287 77.982
28.365 59.4731
12.7633 40.5773
8.10219 22.9055
4.55487 15.2648
2.51541 9.71802
1.4585 6.08524
0.823986 3.90671
0.466568 2.48054
0.265878 1.57454
0.150789 1.00298
0.0856183 0.637509
0.0486475 0.40535
0.0276191 0.257846
0.0156853 0.163955
0.00890825 0.104266
0.00505872 0.0663093
0.00287288 0.0421678
0.00163151 0.0268163
0.000926527 0.0170537
0.000526175 0.0108451
0.000298814 0.00689683
0.000169696 0.00438598
9.63702e-05 0.00278922
5.47285e-05 0.00177378
3.10802e-05 0.00112802
1.76504e-05 0.000717353
1.00236e-05 0.000456194
5.69241e-06 0.000290112
3.23271e-06 0.000184494
1.83585e-06 0.000117327
1.04258e-06 7.46133e-05
5.92079e-07 4.74496e-05
3.36241e-07 3.01751e-05
1.90951e-07 1.91896e-05
1.08441e-07 1.22034e-05
6.15833e-08 7.76067e-06
3.4973e-08 4.93533e-06
1.98611e-08 3.13857e-06
1.12791e-08 1.99595e-06
6.4054e-09 1.2693e-06
3.63762e-09 8.07202e-07
2.0658e-09 5.13333e-07
1.17316e-09 3.26449e-07
6.66238e-10 2.07602e-07
3.78355e-10 1.32023e-07
2.14868e-10 8.39587e-08
1.22023e-10 5.33927e-08
6.92967e-11 3.39546e-08
3.93535e-11 2.15931e-08
2.23488e-11 1.37319e-08
1.26918e-11 8.7327e-09
7.20768e-12 5.55348e-09
4.09323e-12 3.53168e-09
2.32454e-12 2.24594e-09
1.3201e-12 1.42829e-09
7.49685e-13 9.08305e-10
4.25745e-13 5.77628e-10
2.4178e-13 3.67337e-10
1.37306e-13 2.33605e-10
7.79762e-14 1.48559e-10
4.42825e-14 9.44746e-11
2.5148e-14 6.00802e-11
1.42815e-14 3.82075e-11
8.11045e-15 2.42977e-11
4.60591e-15 1.54519e-11
2.61569e-15 9.82648e-12
1.48545e-15 6.24906e-12
8.43584e-16 3.97403e-12
4.7907e-16 2.52725e-12
2.72063e-16 1.60718e-12
1.54504e-16 1.02207e-12
8.77428e-17 6.49977e-13
4.9829e-17 4.13347e-13
2.82978e-17 2.62864e-13
1.60703e-17 1.67166e-13
9.1263e-18 1.06308e-13
5.18281e-18 6.76054e-14
2.94331e-18 4.2993e-14
1.6715e-18 2.7341e-14
9.49244e-19 1.73873e-14
5.39074e-19 1.10573e-14
3.0614e-19 7.03177e-15
1.73856e-19 4.47179e-15
9.87327e-20 2.84379e-15
5.60702e-20 1.80848e-15
3.18422e-20 1.15009e-15
1.80831e-20 7.31388e-16
1.02694e-20 4.6512e-16
5.83197e-21 2.95788e-16
3.31197e-21 1.88104e-16
1.88086e-21 1.19623e-16
1.06814e-21 7.60731e-17
6.06594e-22 4.8378e-17
3.44484e-22 3.07655e-17
1.95632e-22 1.95651e-17
1.11099e-22 1.24422e-17
6.30931e-23 7.91251e-18
3.58305e-23 5.03189e-18
2.03481e-23 3.19998e-18
