0.00940262 0.000718121 0.999956
-0.179314 -0.351863 0.918716
0.191729 0.895275 0.402146
0.676509 -0.519667 0.521806
0.339442 0.0350187 -0.939975
0.623552 -0.734415 -0.267988
-0.769621 0.60044 -0.217153
0.22839 0.935787 0.26859
0.459278 -0.841801 0.283611
-0.637952 0.437323 -0.63385
-0.516644 -0.46815 0.716878
-0.606383 0.724406 -0.327925
-0.413796 0.659043 0.628041
0.436833 -0.63374 -0.638396
-0.295322 0.938834 0.17713
0.775137 0.400102 0.488959
-0.285413 -0.303339 -0.909134
-0.334315 0.921474 0.197788
0.834304 -0.425448 -0.350615
0.804137 0.584035 0.110754
-0.580958 0.743796 -0.330539
0.634468 -0.174798 -0.752925
-0.44998 0.707981 -0.544316
-0.964836 0.246729 -0.0906447
-0.105429 -0.943503 0.314143
-0.430975 -0.416034 -0.800735
0.493779 0.717519 -0.491273
0.990396 0.0802035 0.112616
-0.856604 -0.387631 -0.340547
-0.0156464 -0.675634 -0.737071
-0.0872303 -0.614427 -0.784137
-0.134268 -0.296782 0.945459
-0.91031 0.412763 -0.0310356
0.216772 0.0652947 0.974036
-0.305232 0.795263 0.523822
0.43872 -0.836112 -0.329305
0.779884 0.45425 -0.430625
-0.230889 -0.972189 0.0392216
0.0185236 0.503455 -0.863823
-0.618475 -0.573689 -0.537001
0.560976 -0.504815 -0.656101
0.837552 -0.0924091 0.538486
-0.285786 0.925185 -0.249717
0.522017 0.842091 -0.135576
-0.9738 0.0650354 0.21791
0.749419 0.461218 -0.475026
-0.289742 -0.471261 0.833044
0.204352 -0.404602 -0.891368
0.379688 0.749037 -0.542937
-0.501187 0.159172 -0.850573
-0.795659 -0.319068 -0.5149
0.334849 0.841057 -0.424853
0.0995127 -0.975487 -0.196272
-0.715399 -0.64632 0.26547
0.388767 0.918746 -0.0690302
-0.354209 -0.888332 0.292236
-0.386441 0.700929 -0.599468
0.614075 -0.710845 -0.342944
0.690116 -0.586311 -0.424239
0.557205 -0.753199 0.349591
0.930479 0.144707 0.336555
0.147305 0.981124 -0.12529
0.712352 0.402023 -0.575267
0.0253412 0.0268376 -0.999319
-0.553705 -0.810797 -0.189787
0.195473 0.87027 0.452128
0.0689515 -0.80654 -0.587145
0.306664 -0.722355 0.619806
0.219551 -0.397726 -0.890849
0.383853 0.254089 0.887747
0.125899 -0.246927 -0.960821
-0.851802 -0.0124272 0.523717
-0.707473 -0.321941 0.629155
-0.352894 -0.917965 0.181126
-0.375478 0.926351 0.0298517
-0.638524 0.650592 -0.411117
-0.504058 0.69185 -0.516981
0.80378 -0.203445 0.55906
0.502721 -0.42304 -0.753862
0.830178 -0.556325 -0.0361394
0.718529 -0.144688 0.68028
-0.114982 -0.180875 -0.976762
0.503047 0.0208958 -0.864006
0.144618 0.116139 0.982648
0.0838829 -0.287509 -0.954098
-0.288349 0.940502 0.179752
0.281421 -0.956299 0.0793314
0.109728 -0.0892403 -0.989947
0.804411 -0.540659 0.246194
-0.347719 -0.732597 0.585144
-0.636497 0.771026 0.0197675
0.371553 -0.928403 -0.00405517
-0.426178 0.583874 0.690987
0.0496126 -0.282307 -0.95804
-0.37158 -0.927871 -0.0313692
-0.383409 0.133228 -0.913919
-0.799737 -0.455688 -0.390857
-0.575123 -0.675356 -0.461659
-0.837203 0.393185 0.380128
-0.358467 -0.767816 -0.530999
-0.214855 -0.0588684 -0.97487
0.995093 0.0988551 -0.00421892
-0.751555 0.243968 0.612899
-0.0829959 -0.82167 -0.563888
-0.840823 -0.40274 -0.361688
-0.985112 0.104737 0.136327
0.490389 0.212682 -0.845154
0.766605 0.580793 0.273854
0.967794 -0.0670925 -0.242637
-0.633528 0.645627 -0.42639
-0.447555 -0.890117 0.085943
-0.846521 -0.442849 -0.295444
0.930962 0.00712371 -0.365045
0.722735 -0.62449 0.296085
-0.114068 0.404791 -0.907267
-0.420138 0.85978 -0.29028
0.578721 0.0441752 0.814328
0.465669 -0.132585 0.874971
-0.833407 -0.0946616 0.544492
-0.329302 0.928116 0.173669
-0.667133 0.674185 0.316872
0.818815 -0.10182 0.564955
-0.0759126 -0.729869 -0.679359
-0.807779 0.580041 -0.105096
-0.504289 -0.0530605 0.861903
-0.0256753 0.200577 0.979341
-0.52225 -0.108254 0.845894
-0.607388 -0.522503 -0.598389
0.975494 -0.154593 0.156566
-0.795511 -0.368627 -0.480912
0.248784 -0.787676 -0.563624
0.0815944 -0.824307 0.560233
0.675421 0.531241 0.511458
0.181416 0.342767 0.921737
-0.403925 0.45737 -0.792248
-0.544695 -0.514421 -0.662328
-0.973829 -0.225615 -0.0274941
0.628433 0.0293941 0.777308
0.393202 -0.76688 -0.507236
-0.491369 -0.796535 0.352262
-0.370977 -0.520075 0.769349
-0.184053 -0.24094 0.952929
-0.744935 0.594678 0.302373
0.809199 0.473577 0.347739
-0.714795 0.373435 -0.591281
-0.831499 0.113369 0.543836
0.268136 0.848636 0.455982
0.712779 0.500542 -0.491329
-0.586573 0.192474 0.786693
0.784048 -0.563436 -0.260401
-0.727743 0.225033 -0.647881
-0.357029 0.621276 0.697529
0.847673 -0.344277 -0.403637
-0.782753 0.615305 -0.0932582
-0.113293 0.589704 0.799633
0.357726 -0.272919 0.893055
-0.807345 0.553114 0.205571
-0.610146 0.287663 0.738222
-0.671791 -0.535223 0.512087
0.283861 -0.574261 -0.767885
0.631335 -0.335629 -0.699121
0.495995 -0.768089 0.405004
-0.491537 0.594152 -0.636691
0.127304 -0.938312 0.321503
0.214907 0.976383 -0.022178
0.918472 0.021726 0.394888
-0.137578 0.846894 0.513657
-0.341125 0.845815 0.410159
0.290418 0.863998 0.411297
-0.880292 0.159805 0.446709
0.203434 0.398249 0.894434
-0.765551 -0.292558 -0.573011
-0.0670187 -0.32052 -0.944868
-0.0243561 -0.15634 0.987403
-0.628143 0.347115 0.696381
-0.201062 -0.4414 -0.874494
0.707876 -0.643654 0.290896
-0.445911 0.185537 0.875637
-0.565267 -0.494327 -0.660389
-0.620562 -0.665033 0.415492
0.310132 -0.92372 0.224854
-0.67798 -0.711921 -0.183063
0.980358 0.181723 0.0766479
0.0454231 -0.99603 0.0765518
-0.816803 0.267053 0.511387
0.765409 0.117042 0.632811
0.923801 -0.0175755 -0.382469
-0.0102466 -0.572399 -0.819912
-0.840566 0.125991 0.526854
0.980245 0.129476 0.149519
-0.914177 -0.405107 0.0129916
0.418364 0.835581 -0.356056
0.362097 -0.0537731 -0.930588
-0.572407 0.597324 0.561742
-0.622593 -0.371961 -0.688493
-0.846489 0.234058 0.478198
0.994347 -0.0727204 0.0773688
0.46285 0.885999 -0.0278386
0.328684 -0.0739592 0.94154
-0.853773 -0.298775 0.426386
-0.0896405 -0.873047 0.479326
0.733469 0.365086 0.573354
0.479349 0.877613 0.00455384
0.533306 -0.752462 0.386504
0.101986 -0.306697 -0.946328
0.687129 0.438925 0.578963
0.288459 -0.946049 -0.147589
0.399502 0.362377 0.84207
-0.149028 -0.377397 0.913982
-0.795561 -0.590416 -0.135982
0.711743 -0.276308 0.645815
-0.577421 0.80763 0.119662
-0.764022 0.51188 -0.392746
-0.298276 -0.755291 0.583581
-0.593606 0.358222 -0.720631
0.772505 -0.61934 0.140192
-0.142326 -0.106599 -0.984063
-0.200784 0.501192 -0.84172
0.455975 -0.172585 0.873099
0.267144 0.0228788 0.963385
0.616217 -0.415329 -0.669162
-0.177844 -0.378458 0.908373
0.886542 -0.0903643 0.453738
0.516629 0.105718 0.849658
-0.694528 0.633535 -0.340976
0.851194 -0.242325 0.465561
-0.33799 0.385085 0.858762
0.752984 0.165244 0.636954
0.395617 0.557904 0.729541
-0.66047 0.0020262 0.75085
0.66442 0.34836 0.661204
0.524671 -0.0774126 0.847778
-0.101669 -0.838784 0.534887
0.363774 0.322742 0.873789
-0.943066 -0.0642204 0.326348
-0.490292 0.19598 -0.849239
-0.828516 -0.258672 -0.496639
0.19074 0.981413 0.0211336
-0.155378 -0.251769 0.955233
-0.469723 0.821445 0.323401
-0.852244 -0.252286 -0.458293
0.335541 0.0133218 0.941931
-0.746688 -0.504261 -0.433794
-0.193664 -0.405936 -0.893146
-0.215774 0.976002 -0.0293426
0.422211 -0.431564 -0.797176
-0.750739 0.125479 -0.648572
-0.689962 -0.537038 0.485328
-0.885867 0.0223706 -0.463399
-0.272643 0.52489 -0.806322
-0.536497 -0.7502 -0.386484
-0.916056 -0.340181 -0.212411
0.668611 0.23063 -0.706944
0.651955 -0.198902 0.731705
-0.271106 0.261195 -0.926433
0.222075 -0.829496 -0.512463
-0.981955 -0.184443 -0.0417676
-0.348269 0.558234 0.75305
0.0157365 0.88382 0.467563
-0.946836 0.315371 -0.0635787
0.929512 -0.191366 0.315257
0.284582 -0.632866 0.720065
-0.933298 -0.017641 0.358669
0.37615 0.713424 -0.591217
0.159131 -0.98519 -0.063852
0.0903575 -0.534968 -0.840027
0.222308 -0.254668 0.941129
0.00396981 0.0109991 0.999932
-0.850027 0.517022 0.100707
0.796149 0.523086 -0.304184
0.356354 0.415829 0.836719
-0.893845 -0.140109 -0.425923
-0.616575 -0.612729 -0.494367
0.703185 -0.43917 -0.55916
0.0313431 0.967186 0.252128
0.903421 0.214941 -0.370986
-0.863432 -0.48252 0.147174
-0.474636 -0.560599 0.678564
0.8896 -0.381603 -0.250982
-0.234023 -0.533532 -0.812759
-0.121908 0.332013 0.935364
-0.269834 -0.164445 -0.948761
0.183517 -0.743036 0.643598
-0.568622 0.144304 0.809843
-0.435818 -0.838205 -0.327834
-0.627207 0.269744 -0.73065
-0.165309 -0.807758 -0.565863
-0.795328 0.605197 -0.0344999
-0.0829423 0.905522 -0.416114
0.307 -0.948686 0.0757962
-0.350134 0.910458 0.220163
0.199417 -0.788174 0.58225
0.608328 -0.105761 -0.786608
0.565343 -0.802202 0.191987
-0.127448 0.982372 -0.136756
-0.427584 -0.260929 0.865499
0.585099 0.800001 0.13288
0.585781 -0.799187 0.134763
0.20613 0.0176216 0.978366
-0.181043 -0.325081 -0.928195
0.357134 -0.499 -0.789591
0.39665 -0.903357 -0.163142
0.0974985 -0.752878 -0.650899
0.248285 0.840123 0.482232
0.475902 0.642111 -0.601008
0.222265 -0.974514 0.0303502
-0.103496 0.806559 -0.582024
0.109839 -0.218147 0.969715
0.245567 0.916938 -0.314519
-0.8345 -0.392485 0.386736
-0.11315 -0.0313786 -0.993082
0.860405 -0.358425 -0.362265
-0.523908 0.14939 -0.838572
0.509259 -0.451681 -0.732557
-0.0181051 0.656599 0.754023
-0.159908 0.974563 0.157026
0.322179 0.00046221 -0.946679
-0.33745 0.61784 -0.710212
0.240308 -0.929322 0.28038
0.731766 -0.59851 0.326042
-0.788104 0.18005 -0.58862
0.361915 -0.930017 0.0639271
-0.0516709 -0.0212547 0.998438
-0.932429 -0.358972 0.0414078
-0.380949 -0.286255 0.879167
0.898362 -0.227239 0.37591
0.308391 -0.435376 -0.845779
0.127401 -0.984616 0.119582
-0.460586 0.756825 -0.463764
-0.427882 -0.391191 0.814793
-0.618273 -0.499508 -0.606821
0.862296 0.320125 -0.392384
0.805715 -0.508068 0.304451
-0.911926 0.0234252 0.409686
0.583649 0.680226 -0.443448
-0.889978 -0.412663 -0.194034
0.386773 -0.44 0.810436
0.0618696 0.91414 -0.400649
-0.882268 0.221829 0.415204
0.210012 0.211331 0.954586
-0.412657 0.0368357 -0.910141
-0.771622 -0.593517 0.228773
0.863151 -0.426312 0.270606
0.317811 -0.927922 0.194827
-0.497821 -0.050646 -0.8658
0.492417 -0.242102 0.83601
-0.129374 0.594218 0.793831
0.937558 -0.281449 -0.204382
0.549704 0.0662565 -0.832728
0.271609 0.955924 -0.111529
-0.250543 0.965078 0.0764972
-0.207893 -0.521785 0.827358
-0.0481643 -0.728655 0.683186
-0.03749 -0.769317 0.637766
0.639857 0.0529099 0.766671
-0.517944 -0.590036 -0.619348
0.205644 0.595463 0.776617
0.0207518 0.995681 0.0904884
-0.678997 0.527122 0.510985
-0.163305 0.985014 -0.055482
0.914426 -0.347774 0.207072
0.94615 -0.298256 0.125873
0.264779 0.424818 -0.865691
-0.459019 -0.874847 -0.15474
0.131565 0.55741 -0.819747
0.764704 0.329513 -0.553758
-0.468847 0.713684 0.520421
-0.0911324 0.958045 0.271742
0.28206 0.543545 -0.79057
-0.593088 0.782184 -0.190879
-0.0998643 0.276508 -0.955809
0.274504 -0.208943 0.938611
0.336379 -0.833371 0.438569
-0.986605 0.162954 -0.00757521
0.873516 -0.239701 0.42369
0.255979 0.919928 -0.296999
0.545574 0.230084 0.80586
0.283578 -0.266852 0.921072
0.0619025 0.758098 -0.649197
0.968605 0.24077 -0.0619219
0.443153 0.750943 0.489592
0.580265 0.0989563 0.808393
0.505161 -0.533759 0.678169
-0.362038 -0.45385 0.814216
0.19346 -0.483091 -0.85393
0.659172 -0.191157 0.72729
0.219454 0.389254 0.894607
-0.408058 0.852802 -0.32591
-0.534011 0.770058 0.349059
0.823327 -0.280533 -0.493391
0.978393 0.128007 0.162363
-0.0570796 0.472238 -0.879621
-0.586905 -0.425815 0.688639
-0.864169 -0.311027 -0.395568
-0.850695 0.301779 -0.430404
-0.130589 0.140583 -0.981419
0.97864 0.150408 0.140149
-0.251363 -0.738646 0.625474
0.080523 0.651991 0.753939
-0.913926 0.27147 0.301734
-0.763386 -0.0129176 0.645814
0.570167 0.803408 0.171596
-0.590462 0.644672 -0.485543
-0.69146 0.181201 -0.699321
0.159287 0.893691 -0.419458
-0.67611 0.534341 -0.507302
0.697069 -0.129526 -0.705208
-0.396942 0.915553 -0.0647968
0.284567 -0.167046 -0.94399
-0.131314 -0.645161 -0.752678
0.858518 -0.31755 0.402627
-0.734176 0.629846 0.253536
0.609843 -0.274064 0.743626
0.116336 0.0215809 -0.992975
-0.393705 0.890718 -0.227193
-0.608946 -0.738368 0.289824
0.374478 0.903498 0.208463
-0.19056 0.65594 0.730363
-0.718313 0.0749621 -0.69167
-0.2717 -0.927682 0.256098
-0.307599 0.333561 0.891134
-0.661013 0.735498 -0.148675
-0.962236 -0.242719 0.123247
0.993353 -0.114777 0.00877063
-0.151919 -0.105592 0.982736
-0.85288 -0.467161 -0.233142
-0.628829 -0.775037 0.0623844
0.884157 -0.433723 0.173642
0.93488 0.181069 -0.305308
0.0492104 0.845753 -0.5313
0.806195 0.517374 -0.287009
0.404992 0.600634 0.689362
0.478803 0.524195 -0.704249
-0.537365 0.474677 -0.69708
0.280584 -0.249556 0.92682
0.594826 -0.70237 -0.39097
0.7877 -0.215735 0.577051
-0.184277 0.922486 -0.339209
-0.319495 0.178163 0.930688
-0.42697 -0.222766 0.876397
0.688487 -0.261879 0.676318
0.302948 -0.714277 -0.630897
-0.468447 0.0947825 0.878393
0.426593 -0.861718 0.274699
-0.769197 -0.103684 0.630544
-0.844558 -0.523729 -0.111488
-0.274483 0.61302 0.740854
-0.483173 -0.860262 0.162766
0.568475 -0.705504 -0.423201
0.609429 -0.672876 -0.419325
0.776621 -0.0222769 -0.629574
-0.433499 0.0736245 -0.898141
0.273242 0.777123 -0.566938
-0.988349 0.072991 -0.133559
0.808264 0.319144 -0.49483
-0.74445 0.571101 0.345888
0.450895 -0.756179 0.474223
0.90428 0.114147 -0.411397
0.535987 -0.517434 0.667068
0.751314 0.220659 -0.621962
-0.698408 0.0695098 -0.712317
0.919936 0.325632 -0.218359
-0.970635 -0.228804 -0.0742763
-0.735597 -0.117196 0.667204
-0.498729 -0.355987 0.79028
-0.180662 -0.121009 -0.976073
0.88659 0.428321 0.174637
-0.050066 -0.885003 0.462885
-0.640229 -0.142048 0.754936
0.979751 0.182291 -0.0828104
-0.877068 -0.347704 -0.331443
0.120221 -0.204023 -0.971556
-0.170615 -0.079146 0.982154
0.218299 0.874154 -0.43382
0.597539 -0.611339 -0.518856
0.468811 0.811975 0.347724
0.843792 -0.201809 -0.497281
0.31866 0.417097 -0.851168
-0.877139 -0.022935 0.479688
0.954774 0.073676 0.288061
-0.0141695 0.684191 -0.729166
0.923705 0.0462959 -0.380297
-0.56179 -0.211467 0.799796
-0.891652 0.452721 0.000429511
-0.51503 -0.682814 0.518178
-0.0968871 0.238302 0.966346
0.0639899 -0.433746 0.89876
0.0677304 -0.972603 0.222387
0.763613 0.607492 0.218744
0.305147 0.0715491 -0.949614
-0.364687 -0.891533 0.26865
0.966444 -0.243396 -0.0821194
-0.81456 0.524209 0.248389
-0.842376 -0.42584 -0.330246
0.646992 -0.744048 -0.166714
0.535966 -0.557146 0.634294
0.00894515 -0.976428 0.215659
0.693323 -0.708966 -0.129113
0.953162 0.1361 -0.27011
0.997213 -0.0729197 0.0157664
-0.974305 0.119181 0.191119
-0.945713 -0.240193 0.21894
0.713272 0.646502 0.270699
-0.671764 0.715123 0.193214
0.439186 -0.739225 0.51055
-0.228106 -0.930253 -0.287399
-0.491711 0.473898 0.730508
-0.073838 0.852654 -0.517232
0.572304 -0.79977 -0.181207
-0.836776 -0.542446 0.0745575
0.826277 -0.458152 -0.327664
-0.131352 -0.971078 0.199387
-0.656584 0.670585 -0.345274
0.75433 -0.303435 -0.582163
0.779637 0.55588 -0.288382
0.582494 -0.743812 0.327787
0.692381 0.103418 0.714082
-0.715461 -0.126294 -0.687143
0.790368 0.456998 0.408009
-0.887687 -0.455168 0.0695224
-0.00155698 -0.616575 0.787295
0.951156 0.308459 -0.0124923
-0.884032 0.0544281 0.464246
0.408382 0.715998 -0.566189
0.579819 -0.481364 -0.657342
-0.381695 -0.294636 0.87607
0.0422168 -0.907766 -0.417347
0.0312824 -0.550392 0.83432
-0.465893 0.429507 -0.773607
-0.804643 -0.0866396 -0.587404
0.400266 0.302105 -0.86517
-0.59345 -0.67492 -0.438521
-0.0104335 -0.600414 -0.799621
-0.199838 0.948988 0.2439
0.548242 0.822143 -0.153331
0.587851 -0.716212 -0.376127
0.706792 -0.704499 0.064237
0.0536613 -0.0369969 0.997874
-0.864648 -0.368701 -0.341238
0.544382 0.728417 -0.416002
0.13385 0.879922 -0.455874
-0.389551 -0.177958 -0.903649
0.975066 0.15376 0.160012
-0.229925 -0.886824 -0.400847
0.850697 -0.525289 -0.0196545
0.567142 -0.407816 0.715567
-0.888932 0.166941 -0.426534
0.268931 -0.439454 -0.857063
-0.280496 0.769333 0.573977
-0.105127 -0.276495 -0.955248
-0.836328 -0.0248888 0.547665
0.0237294 -0.503739 0.86353
0.510911 0.854014 -0.0981335
0.581294 0.229018 0.7808
-0.883833 -0.408095 -0.228688
-0.965229 0.247296 -0.0847162
-0.531778 -0.470074 -0.704445
-0.146067 -0.707473 0.691481
-0.0456357 -0.292253 0.955252
-0.378702 0.382699 0.84269
-0.35396 0.926938 -0.12449
-0.605654 -0.793739 -0.0562295
-0.23103 -0.372155 -0.898958
0.968811 0.230035 0.0921394
-0.969604 0.190363 -0.153717
-0.759621 0.59359 -0.265758
0.697765 -0.335365 0.632973
-0.432792 -0.835553 0.338441
-0.34691 -0.722107 -0.59851
0.699723 0.0115196 -0.714321
0.273543 -0.824707 -0.495008
0.612307 0.663192 0.430414
0.861138 -0.38241 0.334967
0.697857 0.706587 -0.117182
0.98544 -0.168041 0.0259003
-0.938241 -0.264383 0.223172
-0.807057 -0.491619 0.327063
0.277227 0.855976 0.436407
0.59343 -0.160637 0.788693
0.496782 -0.80318 -0.328799
0.14045 0.575764 0.805463
-0.196299 -0.954886 0.222842
-0.278671 -0.755537 0.59288
0.604734 -0.280278 -0.745481
-0.412019 -0.830411 0.375044
0.192933 -0.973052 -0.126278
-0.391994 0.893916 -0.217382
-0.158416 0.0903967 -0.983226
0.988204 -0.0554015 0.14277
-0.573175 -0.801515 -0.170424
0.3608 -0.115183 0.925503
0.421447 -0.165766 0.891574
-0.678146 0.34023 0.65143
0.524798 0.83878 0.145034
0.167492 -0.185129 -0.968336
-0.0735347 -0.776075 -0.626339
0.0339309 -0.97272 0.229486
0.171074 0.574297 -0.800572
0.70782 -0.444795 0.548769
-0.390533 0.654671 -0.647217
-0.671341 0.635372 -0.381582
0.1405 0.809939 -0.569437
0.86318 -0.399265 -0.309043
0.40797 0.771532 0.488158
-0.985303 0.00440878 0.170756
-0.493799 -0.867854 -0.0547039
-0.494188 -0.437237 -0.7514
0.673454 -0.725816 0.140177
0.243968 -0.930366 0.273676
-0.12999 -0.385095 -0.913676
-0.786298 -0.158642 0.597133
-0.460884 -0.783994 -0.41586
-0.62808 0.45743 -0.629502
-0.12938 -0.731247 0.669731
0.397683 -0.139592 0.906842
-0.97998 0.0566252 0.190872
-0.452659 0.667419 0.591314
-0.772519 -0.177981 -0.609539
-0.975829 0.183891 -0.118077
-0.124882 0.54691 -0.827825
-0.0100502 0.996248 0.0859588
0.591273 -0.109082 0.79906
-0.557011 0.530945 -0.638621
0.676295 -0.717107 0.168469
-0.12717 -0.797428 0.589861
0.478396 -0.370695 -0.796067
0.83065 0.549167 -0.0918469
0.317084 -0.829607 0.459576
-0.135835 0.721127 0.679356
0.0483651 0.85522 0.516004
0.0423586 -0.403118 0.914167
0.122064 -0.98208 -0.143596
-0.612839 -0.546409 -0.570847
0.424401 -0.309877 -0.8508
-0.49796 -0.661448 -0.560823
-0.532248 0.823774 0.195216
0.54158 -0.0910359 -0.835706
-0.662111 0.748303 -0.0406458
0.132692 -0.75322 0.644246
-0.441095 0.500177 -0.745157
0.189091 0.634611 -0.749342
0.468531 -0.844173 0.260482
0.595439 -0.113251 -0.795378
0.558836 0.702341 0.440931
0.0402932 -0.93724 0.346349
0.129381 -0.339179 0.931782
0.327132 -0.748819 0.576415
-0.318195 0.292467 0.901784
-0.212394 -0.329494 -0.919958
-0.00219383 0.710735 0.703456
-0.459896 -0.76505 -0.450771
-0.0618915 -0.978907 0.194708
-0.797908 -0.591553 0.115794
-0.792891 0.108991 0.599537
0.159515 -0.714963 -0.680722
0.233148 0.944528 -0.231319
-0.0524579 0.663548 -0.746293
0.473552 0.504248 -0.722137
0.505829 -0.825208 -0.251335
-0.476111 0.876715 -0.068471
-0.437889 0.190461 0.878623
-0.746431 -0.641238 -0.177915
-0.038868 0.955461 -0.292545
-0.724449 -0.110412 0.680429
-0.877702 -0.0698958 -0.474081
-0.0449804 0.994479 -0.0948067
0.7666 0.33725 0.546431
0.73623 0.0226294 -0.676353
-0.912837 -0.371746 -0.168919
0.865622 -0.196704 0.46044
-0.941101 0.222288 -0.254786
-0.394914 0.90076 0.18076
-0.393279 -0.416622 -0.819608
0.197107 -0.830059 0.521681
0.341145 0.619086 0.707356
0.307936 -0.91983 0.243082
-0.21944 -0.454361 -0.863367
-0.323444 -0.663022 0.675119
0.544213 0.836648 0.0620619
0.719122 -0.647508 -0.252183
-0.0461412 -0.0905935 0.994818
-0.239133 0.141089 0.960682
-0.796135 -0.591867 0.125948
-0.685606 0.287374 -0.66885
0.519249 0.124517 -0.845503
-0.978299 0.0403553 0.203232
-0.25245 -0.810814 0.528062
-0.0713047 -0.586319 0.806936
-0.330359 0.500981 -0.799925
0.909806 0.0508768 -0.411904
-0.13757 -0.989296 -0.0486605
0.166078 0.775851 -0.608665
-0.99005 -0.133178 -0.0454452
-0.542966 0.768785 -0.337872
-0.998674 -0.0418697 -0.0299378
0.41955 0.90742 0.0238184
0.900004 -0.160536 0.405241
0.77559 0.630027 -0.039062
-0.722864 -0.25918 0.640541
-0.300741 -0.474898 0.827059
-0.94512 -0.322019 0.0552356
0.271491 0.678994 0.6821
0.82906 -0.533979 -0.165911
-0.757744 -0.43572 -0.485769
0.450233 -0.524875 -0.722355
-0.626215 -0.263995 -0.733595
-0.706873 0.401415 0.582406
-0.961603 0.0571165 0.268434
-0.853191 0.493534 -0.168788
0.791245 -0.483118 0.374871
0.044957 -0.983507 -0.175193
-0.065653 0.880754 -0.469001
0.0607299 0.914076 0.400969
-0.376269 0.204608 0.903636
-0.41732 0.564573 0.712111
-0.742487 -0.286313 0.605589
-0.815333 0.0715103 0.57456
-0.915645 0.385377 -0.114361
0.23465 0.408498 0.882082
0.713241 -0.310913 0.628188
0.690878 -0.202511 0.69403
0.0170154 0.139435 -0.990085
-0.915128 0.146663 -0.375541
0.277376 0.867771 -0.412355
-0.251956 -0.0511524 0.966386
0.265923 0.895204 -0.357623
-0.246505 0.629776 -0.736625
-0.0409561 0.348786 -0.936307
-0.859289 0.422953 0.287633
-0.685875 -0.521714 -0.507337
-0.750912 0.560769 -0.348811
-0.786842 -0.24716 -0.565501
0.495456 -0.167532 0.852324
0.97281 0.222857 -0.0630566
0.917367 0.392577 -0.0657339
-0.657704 -0.751398 0.0531552
-0.877374 -0.242694 -0.413902
0.825438 -0.549467 0.129373
0.477076 -0.735795 0.480629
-0.425729 -0.283076 -0.859431
0.111092 0.652797 -0.749343
-0.944989 0.31415 0.0911395
-0.139384 0.472215 -0.870393
0.0420616 -0.870289 -0.490742
0.800312 0.57053 0.184382
-0.566475 -0.513744 -0.644339
0.820606 -0.444833 -0.35879
0.278893 -0.331909 0.901141
-0.791327 0.52343 0.315947
0.20178 0.667493 0.716756
0.15774 0.340862 -0.926786
-0.324737 -0.740539 0.588344
0.828778 -0.027321 -0.55891
0.0286844 0.581645 -0.812937
-0.817465 0.487245 -0.307152
-0.549758 -0.612753 0.567714
0.273743 0.0207651 -0.961579
0.443957 -0.881654 0.159966
0.911303 0.18888 0.365856
0.288117 -0.56537 -0.772881
0.403181 -0.899443 0.168664
-0.565058 -0.821303 0.0785506
0.494291 0.762927 0.416676
-0.25794 -0.351861 0.899812
0.300584 0.368086 0.879865
0.462425 -0.0639308 -0.88435
-0.469294 -0.881095 0.0586016
0.911851 0.161398 0.377463
-0.681536 -0.580112 0.44607
0.503299 -0.31051 0.806395
0.841542 -0.539731 -0.0223241
0.263936 -0.48265 -0.835097
-0.20499 0.103109 -0.973318
0.91219 0.409112 0.0231545
0.00970824 -0.0288295 0.999537
0.385128 0.890078 -0.243798
0.42709 -0.636645 0.642088
-0.392606 0.173429 0.903207
0.557893 0.817655 -0.142116
-0.89572 -0.309814 0.318905
0.564209 -0.506393 -0.6521
-0.649793 0.614343 -0.447607
-0.237747 0.369686 -0.898225
-0.955505 -0.183692 -0.230798
-0.299298 -0.663113 -0.686078
-0.268443 -0.356801 -0.89478
0.434294 0.0586139 -0.898862
0.21967 0.886308 -0.407679
0.70933 -0.573344 0.410033
-0.431675 0.891963 0.134382
0.822615 0.250936 0.510231
-0.65982 -0.575762 -0.482841
-0.395208 -0.255654 0.882299
0.0384436 0.536731 -0.842877
0.854312 -0.429568 0.292614
-0.100382 -0.933107 0.345303
-0.0142127 0.853503 0.520894
0.812308 -0.57497 -0.0978044
0.19898 0.603888 0.771833
0.285528 0.944868 -0.16031
-0.0566887 0.966039 0.252102
0.0312303 0.12605 -0.991532
0.0553776 -0.517767 0.853727
0.836505 -0.505131 0.212373
0.0646642 -0.678999 0.731286
0.0520699 -0.939922 -0.337396
0.645819 0.303097 0.70075
-0.0801129 -0.912244 0.401738
-0.0629262 -0.469573 0.880648
-0.160699 0.682267 -0.713223
-0.57319 -0.321961 0.753521
-0.0615391 -0.0659744 -0.995922
-0.21388 -0.77071 -0.600218
0.995644 0.0792687 -0.0490772
-0.14305 -0.852218 -0.503251
0.887123 -0.456636 -0.0670498
0.629142 0.768403 -0.117206
-0.166449 0.590579 0.789627
-0.304568 -0.0549541 -0.950904
0.152198 -0.66277 0.733193
-0.032548 0.950895 0.307798
0.907853 -0.39671 -0.135734
0.161672 -0.439667 0.88349
0.983837 0.16086 0.0786747
0.258352 -0.846433 -0.465624
-0.99768 -0.0651 -0.0198971
-0.209678 -0.905839 -0.368092
0.197054 0.733061 0.650993
0.198364 0.539578 -0.818234
0.825764 -0.0492666 0.56186
-0.0571308 -0.227919 0.972003
0.00299619 -0.643392 0.765531
0.944846 -0.0342155 0.325723
0.17373 -0.935318 -0.308217
0.836883 0.498189 0.226793
-0.612898 0.506846 -0.606187
-0.297069 -0.365093 -0.882302
-0.962671 0.267556 0.0409707
0.615595 -0.0826639 0.783715
0.104885 0.772227 -0.626629
0.998727 -0.0451342 0.0225299
-0.267311 0.887367 -0.375665
-0.637958 -0.349997 -0.685938
-0.781648 0.293218 0.5505
0.954829 -0.0617456 -0.290669
-0.900243 0.406547 -0.155826
-0.723648 0.348524 0.595706
-0.177013 -0.983103 -0.0466378
-0.955725 -0.292017 -0.0362893
-0.946244 -0.319954 0.0474474
-0.986333 -0.129778 0.101511
-0.349746 -0.476415 0.806664
0.891549 0.0167707 0.452614
0.683251 -0.344585 -0.643762
-0.363216 -0.0296273 -0.931234
0.267047 -0.944133 0.19313
0.29152 0.94687 -0.135843
0.223048 0.951926 0.209968
-0.875811 -0.102703 0.4716
0.799053 -0.0560528 -0.598642
0.88189 -0.430703 -0.191744
-0.729999 0.544838 0.412618
-0.931227 -0.0774279 -0.35612
0.833537 0.023746 -0.551952
0.161615 0.394772 -0.904453
-0.957482 -0.118976 0.262817
-0.425615 -0.448617 0.785872
-0.338599 -0.634183 0.695099
0.669186 -0.738569 0.0818906
0.835878 -0.331573 0.437454
0.655437 -0.749144 -0.0958376
0.866505 0.15152 0.475616
-0.728362 -0.636696 0.253192
0.100245 0.93573 0.338173
-0.978926 -0.202478 0.0265743
-0.324504 0.816237 -0.477968
-0.622642 0.658498 -0.422725
-0.419312 -0.362549 0.832308
-0.678763 0.265587 0.684649
0.244647 0.968467 0.0471101
-0.953351 -0.140151 0.267356
0.162727 -0.210453 -0.963965
-0.627166 0.147938 -0.764708
-0.222099 0.610966 0.759864
-0.252129 -0.877505 -0.407941
-0.740288 -0.0939893 -0.665687
-0.485436 0.676139 -0.554245
-0.656443 -0.385068 0.648695
-0.312004 -0.842817 0.438536
-0.343859 0.857772 -0.382084
0.593825 -0.795998 -0.117302
-0.527413 -0.267152 -0.806514
-0.226916 -0.751761 0.619164
0.865474 0.42976 -0.257414
-0.741225 0.369521 0.560392
-0.816469 0.390937 -0.424908
-0.307881 0.645031 0.699389
-0.551186 0.287373 0.783334
0.251714 0.903546 -0.346763
0.244105 0.697147 -0.674091
-0.782178 -0.491009 -0.383547
0.227195 -0.000116153 -0.973849
0.480124 -0.330521 -0.81255
-0.407008 -0.0293959 0.912951
-0.445359 0.102272 -0.889492
0.860549 -0.481676 0.165664
0.156814 0.454807 -0.876675
-0.704018 -0.646057 -0.294904
0.167613 -0.464567 -0.869531
-0.731291 -0.501248 0.462562
0.890261 -0.321554 -0.322549
0.611698 -0.443965 -0.654768
0.548036 -0.70596 -0.44864
0.0610871 -0.996653 0.0543267
-0.337715 -0.612125 0.715018
-0.644379 -0.748651 -0.155876
0.506033 -0.862514 -0.000832713
-0.860764 -0.173801 0.478412
0.129667 -0.960571 -0.245946
-0.274648 -0.437439 -0.85628
0.107391 -0.96043 0.256985
-0.82346 -0.0470179 -0.565422
-0.101196 -0.942763 -0.317739
0.367662 -0.87326 0.319752
0.728466 -0.0992619 0.677853
0.600352 0.795061 0.0863449
-0.42466 -0.904214 0.0453988
0.0604112 -0.73073 0.679989
-0.261301 0.525615 -0.809599
-0.802421 0.376195 -0.463247
-0.126001 0.14186 -0.981835
0.238784 -0.746828 0.620669
-0.31151 -0.489165 0.814665
0.499846 0.866114 -2.85951e-05
0.168412 -0.979979 0.106199
0.542337 0.539649 -0.643933
-0.887774 0.299117 -0.349838
-0.140492 -0.0685799 0.987704
-0.394976 0.616947 -0.680713
-0.26908 0.934229 0.23412
-0.415395 0.862331 0.289538
0.402743 -0.263586 0.876539
0.310956 0.839089 0.446358
0.338859 0.670765 -0.659734
0.684812 0.281468 0.672167
-0.537047 0.786644 0.304584
0.626944 0.626603 0.462936
0.69421 -0.609465 0.382915
0.193551 -0.0629047 0.979071
-0.460088 -0.764113 -0.452161
0.358 -0.119993 -0.925979
0.347422 0.0594527 -0.935822
0.878746 0.456396 -0.139671
-0.660536 -0.562026 -0.497815
-0.323327 -0.845248 -0.42546
-0.161824 -0.588476 0.792155
-0.964325 -0.109424 -0.241048
0.991092 -0.0816017 -0.105256
-0.460311 0.813787 -0.354775
-0.956922 0.0293917 -0.288852
0.254242 0.829953 0.496527
0.723393 0.644558 -0.247482
-0.889247 -0.454761 0.0493235
-0.363414 -0.916217 0.168752
0.248003 0.929056 0.274498
0.227845 -0.495025 -0.838473
-0.138172 0.9614 -0.237946
0.29254 0.918899 0.264661
0.755558 0.435122 0.489695
-0.365483 -0.00585107 -0.9308
-0.56962 -0.658388 -0.491993
0.0493983 0.897404 0.438435
-0.778477 0.481407 -0.402767
-0.101645 -0.920316 0.37774
-0.591211 -0.293024 -0.751403
0.853116 -0.513711 -0.0910746
-0.783046 -0.299 0.545379
-0.552409 0.560362 -0.617121
-0.575172 0.0884238 -0.81324
-0.0267123 0.89304 -0.449183
0.0630664 0.605178 0.793588
-0.33017 0.939033 -0.0959427
0.0959868 -0.90368 0.417313
-0.0620517 0.553804 0.830331
-0.729458 -0.683004 -0.0373843
0.0883696 0.830427 0.550074
0.187896 -0.236337 -0.953331
-0.0947114 0.919727 -0.380963
-0.612456 0.652062 0.446892
-0.206865 0.434148 -0.876768
-0.323302 -0.722265 0.611399
-0.312991 -0.302208 -0.900393
-0.000476297 0.918991 -0.394279
-0.329528 0.0508138 -0.942778
-0.42555 0.629837 0.649779
0.79846 0.51785 0.307072
0.991513 0.124139 -0.038625
-0.571807 0.359138 0.737602
-0.964598 -0.256071 -0.0630732
-0.105934 0.464146 -0.879401
0.29556 0.52288 0.799525
0.361068 0.0783954 0.929238
-0.763688 0.0708928 0.641682
-0.286838 0.432827 -0.854626
0.00443736 0.91776 0.397111
-0.74643 0.272827 0.606966
-0.319303 -0.921346 -0.221735
-0.508246 -0.188791 -0.840264
0.960317 -0.163824 0.225726
0.434945 0.210885 -0.875415
-0.744222 -0.543479 -0.388285
0.487369 -0.422231 0.764325
0.933848 0.187267 -0.304729
0.57534 -0.722118 0.384096
0.540513 -0.315974 -0.779747
0.837213 0.504632 0.210761
0.319418 0.695769 0.643333
0.401886 -0.901856 0.158563
-0.0660473 0.997787 -0.00769866
-0.816712 -0.0816435 -0.57124
-0.136471 0.0596624 -0.988846
-0.155834 0.0313293 -0.987286
-0.151705 -0.821177 -0.55014
0.843348 -0.527756 0.10118
-0.0713995 0.610922 -0.788465
-0.161189 -0.742272 -0.650423
-0.367175 0.099874 0.924774
-0.0382842 -0.0648782 0.997159
-0.0844958 0.305418 -0.948462
-0.743687 0.257689 0.616868
0.618653 -0.270537 -0.737617
0.563596 -0.80657 0.17834
-0.057957 -0.238406 0.969435
-0.694916 0.597424 0.40022
-0.524818 -0.260282 0.810444
-0.374368 0.663672 -0.647602
0.73819 -0.159736 0.655408
0.0616319 0.983787 0.168419
0.621716 0.310739 -0.718965
0.235745 -0.479936 0.845036
0.744957 0.663624 0.0681311
-0.67914 0.499787 -0.53757
0.262568 -0.874937 -0.40687
-0.559726 -0.28626 -0.777665
-0.585459 -0.79242 0.171198
-0.543211 0.836665 0.0700983
-0.0149994 -0.186815 0.982281
-0.50179 -0.599004 0.62402
0.584653 -0.806767 -0.0854793
0.00853213 0.927987 0.372515
-0.245511 0.408158 -0.879279
-0.965024 -0.245069 -0.0931091
0.948191 0.313546 -0.0512175
-0.0695746 0.919556 -0.386751
0.079185 0.651169 -0.754791
0.288967 -0.130908 0.948347
0.134534 -0.437984 0.888859
0.31944 0.0375017 0.946864
0.441414 -0.51944 0.731666
0.564071 -0.414361 -0.714233
-0.441561 0.714601 0.542559
-0.969663 -0.235839 0.0642975
-0.844088 -0.527425 0.0966342
-0.618464 -0.776794 0.118712
-0.90725 -0.361609 0.214793
0.306243 0.733996 -0.606189
-0.634915 -0.468482 0.614335
0.0120567 0.537194 -0.843372
-0.691428 0.67366 -0.260977
-0.0861894 -0.754546 -0.650562
-0.669625 0.133004 -0.730693
0.581728 -0.790086 -0.193278
-0.665639 -0.700254 0.258009
-0.934252 0.23173 0.271061
-0.600209 0.00434809 -0.799831
-0.857034 0.511859 0.0591054
0.969628 -0.201807 -0.138187
-0.0689273 -0.607748 0.791133
-0.779683 0.343427 0.523596
-0.167851 -0.43702 0.883652
-0.252736 -0.962789 0.0957217
-0.296806 0.897431 -0.32638
-0.445696 -0.840744 0.307417
0.273339 0.795531 0.540756
-0.364423 0.403115 -0.839461
0.205673 0.656148 -0.726063
0.838758 0.142964 -0.525401
-0.587387 0.706616 0.394551
-0.911248 -0.177978 -0.371417
-0.667601 -0.645389 -0.37119
0.131066 0.503534 -0.853976
0.383853 0.782183 -0.490761
0.373693 -0.923891 0.082334
-0.299112 -0.888431 -0.34817
-0.320372 0.76939 -0.552631
-0.0838902 -0.217564 0.972434
-0.248432 -0.879949 0.404933
0.991596 -0.122609 -0.0412784
0.168403 0.463106 -0.870157
-0.120086 -0.98403 0.131397
-0.0961686 -0.596617 -0.796743
-0.31927 -0.347336 -0.881716
-0.312693 0.824012 0.472469
0.239236 -0.264522 0.934235
0.698638 -0.301373 0.648906
0.167903 0.177157 -0.969755
-0.623278 0.693546 -0.361272
-0.357638 0.69602 -0.622617
0.542935 -0.259433 -0.798697
0.096387 -0.927905 -0.360141
-0.31311 0.740019 0.59526
-0.381684 0.311918 0.870072
-0.172939 0.0613277 -0.983021
0.888371 0.388484 0.244698
0.766469 -0.296749 0.569619
-0.668539 -0.740106 -0.072789
-0.0709446 0.84003 -0.537881
-0.568576 0.561847 0.600874
0.315443 -0.671732 0.670277
-0.0756675 -0.705812 0.704346
-0.193367 -0.541316 0.818283
-0.823672 0.530649 -0.199941
-0.259998 0.360224 0.895901
-0.338478 -0.59154 0.731788
-0.740101 0.0468821 0.67086
0.515515 0.750557 0.413411
-0.955923 -0.22596 0.187494
0.0983814 0.992757 0.068955
-0.538287 0.605171 0.586528
0.919537 0.116559 -0.375321
0.0139069 0.933859 -0.357371
0.173877 0.656745 -0.733793
0.469586 -0.633681 0.614766
-0.4518 0.0935385 -0.887202
-0.613224 0.440886 -0.65542
0.737861 0.660766 -0.137655
-0.232013 0.462395 -0.855781
0.900486 -0.339906 0.271273
0.696427 -0.402071 -0.594415
-0.96979 -0.026689 0.242478
0.593088 0.799851 0.0921197
-0.760236 -0.299939 0.576262
0.487839 -0.0340033 -0.872271
-0.663957 0.208272 -0.718181
-0.837904 0.228359 0.49575
-0.977639 -0.194929 -0.0789017
0.720101 0.680559 0.135254
0.258022 0.916878 -0.304565
-0.119231 -0.161209 -0.979691
-0.367276 0.854875 0.366465
-0.69322 -0.375942 0.61491
0.395195 0.821892 -0.410262
-0.460321 0.77141 0.439353
-0.814241 0.560205 -0.152257
0.456592 0.408646 0.790274
0.287963 0.138683 -0.947547
0.194644 0.721802 0.664165
0.685277 0.530756 0.498693
-0.844025 -0.239663 0.479775
-0.87861 0.433333 0.200668
-0.879959 0.374394 0.292407
-0.925341 -0.158512 -0.344411
0.868019 0.0711186 -0.491411
0.86244 -0.13177 0.488706
-0.271329 -0.354479 0.894832
-0.222973 -0.240691 -0.944643
0.297685 -0.146844 -0.943303
-0.563197 -0.044985 0.825097
0.850379 -0.263401 0.455496
0.391273 0.650552 0.650912
0.887025 -0.440596 -0.138065
0.913273 -0.304548 0.270524
0.447523 -0.455408 -0.769628
-0.223795 -0.650955 -0.725379
-0.673355 0.712201 0.1984
-0.31163 -0.303839 0.900316
0.142992 0.780389 0.608726
0.31747 0.411524 0.854319
0.239113 -0.927303 0.287985
0.949858 -0.293834 0.106922
-0.632003 -0.754001 -0.179035
0.650332 0.478311 0.590158
-0.26922 0.685773 -0.676192
-0.887823 0.077087 -0.453683
0.702639 -0.607271 0.370837
0.55921 -0.458731 -0.690544
-0.47172 -0.549215 0.689814
-0.647987 0.317579 -0.692284
0.873519 0.486666 0.0110153
-0.219393 -0.938281 -0.267388
-0.129405 0.842755 0.522512
-0.201941 -0.621569 0.756883
0.27447 -0.544871 -0.792327
-0.00495872 -0.321822 0.946787
-0.0534716 0.506672 0.860479
0.131082 0.835046 -0.534337
0.53592 0.797068 0.278338
0.256427 0.497838 0.828494
0.342288 0.927285 -0.151596
0.45027 0.554988 0.69946
0.615506 -0.775666 0.13962
0.40517 0.794619 0.452126
-0.982979 0.158006 0.0937411
0.83259 -0.407084 -0.375602
-0.125233 -0.983323 -0.131884
-0.582368 0.0855593 0.80841
0.100963 -0.00211867 -0.994888
0.00831941 -0.355363 0.934692
-0.0375855 -0.204702 -0.978103
0.276383 -0.94772 0.159499
-0.338038 -0.935848 -0.0995885
0.562871 -0.414519 -0.715088
-0.65803 0.7347 -0.164962
-0.912974 0.36478 -0.182797
0.799953 0.219425 -0.558505
0.0489512 0.283095 0.957842
0.148176 -0.464514 0.873081
-0.55012 -0.303929 -0.777814
-0.107653 0.68299 -0.722451
0.297625 -0.814732 -0.497626
0.584456 -0.431251 0.687338
0.101014 -0.915392 0.389685
-0.651238 0.634947 -0.415609
-0.360308 -0.913042 -0.191136
-0.838593 0.376898 0.393333
-0.160308 0.48635 0.858932
0.222043 -0.305002 -0.926105
0.477126 0.0275378 0.878404
0.558585 -0.822762 -0.105096
0.975333 -0.213182 -0.0572577
-0.93779 0.183272 -0.294891
0.818122 0.503015 0.278663
0.811028 0.424612 -0.402415
-0.0013401 0.906932 -0.421276
0.388697 -0.80439 -0.449301
-0.00468557 -0.318068 -0.948056
-0.355053 -0.294579 -0.887221
0.542203 -0.518564 0.661141
-0.668241 -0.612059 -0.422893
-0.845971 0.286899 0.449469
-0.869136 -0.481021 0.114987
-0.486384 0.327082 -0.810215
-0.147901 -0.592554 -0.791836
0.0215189 0.904837 -0.425214
0.174823 0.851238 -0.494804
-0.940176 -0.0378637 -0.338579
-0.485431 -0.539746 -0.687772
-0.361316 -0.39048 -0.846744
0.511911 -0.521699 -0.682479
-0.382259 -0.773331 -0.505804
0.423975 0.769457 0.477683
0.0125633 0.178106 -0.983931
0.352061 -0.338449 -0.872643
-0.941447 0.146388 -0.303722
-0.00304599 -0.401781 -0.915731
0.380814 -0.916425 -0.123067
-0.49982 0.86605 0.011738
0.19467 0.683634 -0.703383
0.18664 0.0841649 -0.978817
-0.614611 0.772013 -0.162014
0.102438 0.480147 -0.871186
-0.145334 0.846559 -0.512069
0.857644 0.0302683 -0.513353
0.510859 -0.0739615 0.856477
-0.693699 -0.606307 -0.388811
0.374934 0.9025 0.211939
0.205147 0.319546 0.925097
0.346698 0.72875 0.590529
0.621669 -0.767876 0.154578
-0.527484 -0.772896 0.352694
-0.712844 -0.398749 0.576935
0.252049 -0.0263005 0.967357
0.157055 0.926662 -0.341513
-0.881665 0.206009 0.424531
-0.819975 0.0112214 -0.57229
0.804212 0.591336 0.0597073
-0.643257 0.687475 -0.337044
-0.0745351 -0.99046 0.115905
-0.680834 -0.731697 0.0329245
0.463359 0.530727 -0.709667
-0.00361017 -0.862503 -0.506038
0.922989 -0.383899 -0.0266945
-0.475727 0.864442 0.162556
0.343695 0.74153 0.576201
0.341214 -0.837831 -0.42616
0.78923 -0.352177 0.503077
-0.76705 0.285398 0.574614
-0.00237461 -0.538318 0.842738
0.92704 -0.33945 0.159281
-0.734226 0.198453 -0.649252
0.539189 0.704355 -0.461691
0.415086 -0.817034 0.4002
-0.0509932 0.0242408 -0.998405
0.495226 0.675698 -0.546062
0.896866 0.428779 -0.108536
0.891572 -0.281544 0.354729
0.0791579 0.931816 0.354193
-0.440534 -0.502935 0.74363
-0.860531 -0.288355 -0.419926
0.105928 -0.243293 -0.964151
0.27239 -0.535334 -0.799513
0.283485 -0.948642 0.140409
-0.313295 -0.80978 0.496087
-0.206988 0.931838 0.29805
0.11989 0.890094 0.439726
0.413861 -0.374426 0.829773
0.945455 -0.192116 0.26307
0.140619 0.902058 0.408066
-0.858719 0.0564079 0.509332
-0.880307 0.446827 -0.159388
0.31544 -0.018444 -0.948766
0.354234 -0.837786 0.415491
-0.903093 -0.415804 -0.107376
-0.499858 -0.831262 -0.243199
-0.171347 -0.833011 -0.526054
-0.314869 -0.239985 0.918295
0.0380804 -0.9925 -0.116165
-0.584736 0.485713 0.649744
-0.221467 -0.600149 -0.768618
0.698573 -0.121908 0.705077
-0.241369 -0.416274 0.876617
-0.913238 0.407019 0.0181917
0.691907 -0.145337 -0.707207
0.292742 0.944466 -0.149284
-0.828825 0.384679 -0.406289
0.753003 0.311576 -0.579575
0.851034 -0.284596 0.441301
-0.507363 -0.331038 0.795611
0.543951 0.340831 -0.76678
0.805087 -0.533144 -0.259986
-0.42046 -0.716423 -0.556733
-0.452647 0.633394 0.627632
-0.352662 0.299928 -0.886382
-0.00136336 0.778255 0.627947
-0.264479 -0.0118802 0.964318
-0.132379 0.902777 -0.409229
0.97712 0.208624 0.0413869
-0.551179 0.586172 0.593804
-0.976804 -0.178459 -0.118346
-0.525859 -0.0693125 -0.847743
-0.710535 0.0327962 0.702898
0.137644 -0.990433 0.00988369
0.673506 0.738465 0.0325519
0.878245 -0.307946 0.365863
0.127543 -0.937217 0.324588
0.407954 0.905064 -0.120137
0.891744 -0.447235 0.0690919
-0.178632 0.364878 0.913758
0.219528 -0.975568 0.00863564
0.752872 -0.48096 -0.44929
-0.88063 -0.0159949 0.473535
-0.559752 -0.464464 -0.686259
0.378333 -0.278604 0.882748
0.586257 0.256782 -0.768352
0.630825 0.534262 -0.562693
-0.758266 -0.142941 -0.636082
0.32578 0.846209 0.42166
0.493883 -0.714434 -0.495644
-0.104883 -0.990791 0.0856289
-0.83203 0.359898 0.422136
0.0453355 0.312394 0.94887
-0.88859 -0.454955 -0.0585129
-0.709787 -0.455443 0.537376
-0.0415201 0.620863 -0.782819
-0.687565 -0.360771 -0.630158
0.826537 0.0189668 0.562562
0.175607 -0.765903 -0.61851
0.0580257 0.352101 -0.934162
-0.393272 0.917228 -0.0634776
0.226604 0.152234 0.962016
-0.967412 0.16657 -0.190707
-0.786528 -0.0312241 -0.616765
0.641752 -0.67247 -0.368697
0.748343 -0.495976 -0.440443
0.997617 0.0331837 0.060492
-0.394488 0.582629 -0.710579
-0.323063 0.735905 -0.595041
-0.583594 -0.482536 0.653129
-0.479324 0.0737557 -0.874534
0.545622 -0.803523 -0.238008
-0.712875 -0.0780289 0.696936
-0.558813 -0.0008667 -0.829293
0.853748 -0.446535 -0.267808
0.635244 -0.182338 -0.750479
0.670149 0.545946 0.502836
-0.537459 -0.0475276 -0.841949
0.613711 0.784547 -0.0885712
-0.954059 -0.235582 0.185129
0.962937 -0.269292 0.0153291
0.555532 -0.0939243 0.826173
-0.311036 -0.942445 0.122698
-0.966543 -0.248938 0.0618429
0.0389131 -0.866452 0.497742
-0.586809 -0.786776 0.19141
0.473 0.813288 0.338872
0.384105 0.392015 -0.835935
0.290623 -0.955432 -0.0518359
0.424036 -0.905216 -0.0278753
-0.364419 0.726144 -0.583021
-0.135547 0.0206789 -0.990555
-0.695544 0.556314 0.454679
0.581938 0.80671 0.102794
-0.669795 -0.724035 0.164765
-0.311647 0.298877 0.901969
0.24064 -0.24905 -0.938119
0.789442 0.37367 0.486983
0.955678 0.00274747 0.294402
-0.740856 0.442075 -0.50567
-0.597544 0.77533 0.204463
-0.523372 0.81863 -0.23649
0.0319048 0.975846 0.216118
0.68024 -0.179623 -0.71064
0.476605 -0.0309556 -0.878573
0.750839 -0.223322 -0.621585
0.367274 -0.770212 -0.521424
-0.104302 0.878033 -0.467097
0.585431 -0.776827 0.231971
-0.440004 0.191989 -0.877233
-0.139129 0.959044 0.246734
0.171106 -0.204654 0.963763
0.181015 0.900536 -0.395307
-0.18379 -0.629303 0.755115
0.784501 -0.435966 -0.441013
0.963383 0.0521003 0.263019
0.571332 -0.691312 -0.442342
-0.957017 0.256795 0.134811
-0.332884 -0.341609 -0.878915
0.68797 0.582127 -0.433389
0.187747 0.789305 0.584593
0.929856 -0.277332 -0.241774
0.745049 -0.524973 -0.411467
0.845467 -0.121017 -0.520135
0.101916 -0.418743 0.902368
-0.63763 -0.631062 -0.441803
0.672647 0.692553 0.260608
0.790554 0.560502 -0.2467
-0.381296 0.358907 0.851939
-0.891839 -0.369921 -0.260348
0.742953 -0.643254 0.185055
-0.366602 -0.352525 -0.861005
-0.606348 0.737272 -0.297947
-0.323247 -0.940295 -0.106569
-0.993524 0.111173 0.0234823
0.0688362 -0.996666 0.043802
0.662593 -0.431131 -0.612451
-0.997016 0.0768412 -0.00736736
-0.797738 0.0295467 0.602279
-0.516283 0.810124 0.277762
-0.288167 -0.957289 0.0236268
-0.507468 0.225698 -0.831587
0.126633 0.606996 -0.784551
-0.7623 0.0644398 0.644008
0.208085 0.657039 -0.724569
-0.636007 0.0507306 0.770014
-0.281375 -0.684426 -0.672599
0.0700755 0.747805 -0.66021
-0.517868 0.848642 -0.107791
-0.838765 -0.0961577 0.535936
0.686651 -0.634369 0.355087
0.19833 -0.865856 -0.459302
0.905244 -0.149289 0.397802
0.95032 -0.0174664 0.310784
-0.638082 0.551132 0.537685
-0.134952 0.427734 0.893774
0.164686 -0.741395 -0.650548
0.853067 0.502341 -0.141178
-0.203983 -0.89689 -0.392401
0.798637 -0.435963 0.414869
-0.550751 0.795237 -0.253516
0.37607 -0.825545 0.420769
0.92645 0.213085 -0.310298
-0.663193 -0.591911 -0.458058
-0.0742025 0.453581 0.888121
-0.366859 -0.826531 0.426921
-0.349649 -0.710152 -0.611088
-0.694519 0.502506 0.514909
0.981775 -0.146219 -0.121399
-0.232813 -0.590147 0.772997
0.503059 -0.0666758 0.861676
-0.663623 0.747999 -0.0100641
0.323312 -0.945618 0.0357291
0.664822 -0.575416 0.476349
0.532079 -0.552373 0.641697
-0.0634482 0.0530714 -0.996573
-0.219786 -0.934941 0.278529
-0.934439 0.314658 -0.166776
0.888849 0.000584326 0.4582
-0.364395 0.841405 -0.399067
-0.628723 0.271997 0.728509
0.304103 -0.587091 0.750231
0.720527 -0.360905 -0.592104
-0.701515 -0.619985 0.351419
0.28855 -0.657715 -0.695809
-0.924486 0.0961008 0.368904
0.817916 0.0702928 0.571027
-0.262947 0.932167 -0.248843
0.346169 -0.091283 -0.933721
0.285381 0.437172 -0.8529
-0.977163 0.120513 0.175011
-0.64657 0.737395 -0.195437
-0.962157 0.251894 -0.103938
-0.0179421 -0.37769 -0.925758
0.879717 -0.401099 -0.255378
-0.262779 -0.127436 0.956403
-0.0336756 -0.0371033 0.998744
0.329223 -0.701691 -0.631855
0.249011 -0.575574 -0.778915
-0.255742 0.745403 -0.615606
-0.113962 -0.601361 0.790808
0.74782 -0.63926 -0.179198
0.755118 -0.0466465 -0.653927
-0.839291 -0.212578 -0.500401
0.311756 0.625754 0.71501
-0.660566 0.325664 0.676458
-0.803738 0.421099 0.420334
-0.740129 -0.000311546 -0.672464
0.416516 -0.332272 0.846233
0.835966 0.197792 0.511898
-0.110469 -0.963457 0.244022
-0.685446 0.727909 -0.0176717
-0.85226 0.521106 -0.0458344
-0.379241 -0.848154 -0.36988
0.590758 0.804765 0.0579583
0.601196 -0.729897 0.325288
-0.615165 -0.787461 -0.0384317
0.738128 -0.254597 0.624778
-0.12731 0.975732 0.178155
-0.696033 0.1577 0.700477
-0.691476 0.419435 0.588163
0.0202034 0.999424 0.027274
-0.323162 -0.862873 0.388608
0.12994 -0.695616 -0.706564
0.891073 -0.405357 -0.204143
0.612897 -0.285773 0.736676
-0.478253 -0.599321 0.641941
-0.0568747 0.969944 0.236587
-0.61056 -0.637233 0.470266
0.565063 0.636756 0.524638
-0.568976 -0.176193 -0.803258
0.66844 -0.663245 -0.336592
-0.994946 0.0500718 0.0870399
0.155555 0.079064 0.984658
-0.639475 0.568958 0.517068
-0.17642 -0.120511 -0.97691
-0.870305 0.160242 -0.465715
-0.258742 0.884047 0.389246
0.375703 -0.847612 -0.374701
-0.594544 0.551294 -0.585314
-0.239623 0.147948 0.959527
0.94842 -0.312406 0.0538722
-0.716299 0.0318949 0.697064
0.532802 0.721766 -0.441788
0.970403 0.241278 -0.0101136
0.669721 0.160345 0.725096
-0.393496 0.261392 -0.881383
-0.390937 0.244386 0.88738
-0.670228 0.669197 0.320889
-0.384935 0.294935 -0.87455
-0.621306 0.477037 -0.621622
0.101955 0.522386 0.846592
0.630001 0.544739 -0.553496
0.800417 -0.599193 0.0173439
0.759396 0.602013 -0.246775
0.281561 -0.632247 -0.721794
-0.0902194 0.979774 0.178614
-0.308679 0.703467 0.640197
0.613979 0.625198 0.481827
0.132129 -0.398987 -0.907387
0.177382 -0.608631 -0.773372
0.199355 0.979175 -0.0383956
0.981429 -0.0272584 0.18988
0.589851 -0.759346 -0.274716
0.714128 0.667687 0.210274
-0.285268 -0.671059 -0.684326
0.432696 0.370486 -0.821897
0.041813 0.877667 -0.477444
-0.55665 -0.325556 -0.7643
0.0925752 0.924458 0.369874
-0.319862 -0.790857 -0.52176
0.496462 -0.711726 0.496963
-0.385029 -0.912425 -0.138683
-0.138477 0.972896 -0.185195
-0.76104 0.647091 0.0457451
0.827273 -0.133604 -0.545683
0.0380261 0.0820368 -0.995904
0.632276 -0.707676 0.315312
0.2547 -0.869585 0.423026
0.765194 -0.30507 -0.566931
-0.0969383 0.539312 0.836508
-0.166705 0.655128 -0.736896
-0.672451 -0.327578 0.663703
0.400623 0.430668 -0.808719
0.19482 0.136905 0.971237
-0.246529 -0.356617 0.901137
-0.459348 0.651872 -0.603376
0.968336 -0.161987 0.18996
0.311198 0.455353 -0.834152
-0.819 -0.216943 0.531202
0.202872 -0.123119 0.971434
-0.0922644 0.990827 -0.0987339
0.635317 0.352267 -0.687226
-0.949641 -0.290408 0.117667
-0.928086 -0.370393 -0.0382686
0.335992 -0.847979 0.409928
0.663682 0.425808 0.614991
0.839413 -0.529129 0.124134
0.745568 -0.553088 -0.371783
-0.839622 -0.0924228 0.535251
-0.781403 0.192904 -0.593462
0.0845802 0.0613835 0.994524
0.261651 -0.919483 -0.293411
0.0556522 0.301032 0.951989
0.524521 0.5832 -0.620287
-0.939942 -0.00691126 -0.341264
0.820091 0.29433 0.490735
-0.612183 -0.125335 -0.780719
0.661301 -0.258769 0.704074
0.248805 -0.482282 0.839941
-0.25853 -0.191668 0.946798
0.00142626 0.675875 -0.737015
0.322842 -0.28713 0.901848
0.757284 0.0863645 -0.64735
-0.931567 0.330061 -0.152456
0.0479968 0.0796435 -0.995667
-0.718377 -0.640847 -0.270648
-0.733126 0.446486 -0.513008
-0.551475 0.561417 0.616998
-0.198476 0.843007 0.499947
-0.238135 -0.964568 -0.113582
0.334102 -0.16093 -0.928697
-0.546014 -0.685568 -0.481524
-0.351077 0.591291 0.726031
0.403739 0.295722 0.865762
0.994714 0.0415589 -0.0938988
-0.687594 0.372444 -0.623297
-0.837887 0.370902 0.400472
0.112492 -0.12186 -0.986152
0.842488 0.433639 -0.319643
0.271604 -0.180593 0.945313
-0.295971 -0.871141 -0.391809
-0.832426 -0.446264 -0.328505
0.212886 0.974185 0.0751203
-0.606933 -0.774095 -0.180024
0.724031 0.598922 0.342159
-0.960386 -0.107318 0.257181
0.685352 -0.21934 -0.694393
0.154298 -0.0382307 -0.987284
0.28423 0.57755 -0.765277
-0.466999 0.557012 0.686767
0.365653 0.634225 0.681217
0.515665 0.793319 0.323627
-0.838252 0.0450214 0.543421
0.177371 -0.317269 -0.931601
0.178788 -0.313928 0.932461
-0.207747 0.2195 -0.953237
0.429304 -0.320481 -0.844387
0.459969 0.868232 0.186015
-0.307748 0.878978 -0.364265
0.839063 0.540027 0.0659083
-0.841815 -0.184409 -0.507287
-0.373744 0.89737 0.23461
0.175063 -0.0625039 -0.982571
0.450644 0.585254 0.67409
0.84551 0.519633 -0.122862
-0.855815 0.358962 -0.372462
-0.24029 0.934275 0.263422
-0.88831 0.184072 -0.42074
-0.887262 -0.23178 -0.398803
-0.0428256 -0.494662 -0.868029
0.480931 -0.758832 -0.439181
0.32163 -0.875983 -0.359456
0.217025 -0.734111 -0.643414
0.236669 0.78523 -0.57219
-0.134894 0.64388 0.753142
-0.0875225 -0.84432 -0.528643
-0.927445 -0.287704 -0.238897
-0.781468 0.509475 0.3602
0.252516 -0.575717 -0.77768
-0.607786 -0.705032 -0.365412
0.0556607 0.980329 -0.189359
0.0479497 -0.865761 0.498156
0.268296 0.662946 -0.698941
-0.281076 -0.754259 -0.593371
0.713228 0.455822 0.532478
0.470658 -0.511559 -0.71888
-0.113702 0.828423 0.54844
0.916379 0.256522 -0.307321
-0.223358 -0.959579 0.17123
0.138959 -0.00539477 0.990283
-0.512199 -0.830569 0.21865
-0.483824 -0.698833 -0.526826
0.672852 0.00569771 0.739755
0.261477 0.926206 -0.27161
-0.733527 -0.675287 0.0769758
0.125638 -0.957461 0.259777
-0.134928 -0.828475 -0.543529
0.711034 0.566395 -0.416686
-0.218415 0.249474 0.943429
-0.496644 -0.333173 0.801461
0.350578 -0.441814 0.82577
0.964191 0.0950434 0.247595
0.705749 0.295435 -0.643923
0.184973 0.322656 -0.928266
-0.237945 0.76064 0.603994
0.463928 -0.822552 0.328905
-0.292769 0.324572 0.89941
0.929234 -0.208064 -0.305342
-0.202613 0.428915 -0.880329
0.309249 -0.896994 -0.31586
-0.323523 -0.767632 0.55324
0.194353 0.892826 0.406312
-0.511128 0.307337 0.802678
0.977184 -0.0448904 0.207596
-0.878774 -0.385547 0.281265
0.567891 -0.731788 -0.376811
-0.700482 0.713608 0.00941114
-0.430766 0.408987 0.804469
0.757471 0.621085 -0.201224
-0.99192 0.126842 -0.00256954
0.466313 0.867482 -0.173281
-0.872807 -0.151119 -0.464081
-0.252757 -0.477164 0.841681
-0.876882 0.233626 0.420114
-0.819027 -0.290468 -0.494796
0.271263 -0.962473 -0.00787059
0.705154 -0.488424 0.514004
0.176471 -0.78863 0.589
-0.234292 -0.555916 -0.797537
-0.37018 -0.919093 0.135033
-0.564362 -0.793841 -0.226521
-0.597556 0.557574 0.576227
0.884189 0.40326 -0.235775
0.28475 0.327206 0.901029
0.295735 0.695016 -0.655357
-0.641216 -0.70515 -0.302666
0.598695 0.490997 0.632839
0.423843 0.90555 0.0183553
0.879994 0.400734 0.254996
-0.933254 0.314064 0.174359
-0.40642 -0.296835 0.864125
-0.0906822 -0.12258 0.988307
0.0409447 0.718048 -0.694789
-0.500436 -0.43192 0.750339
0.186405 -0.135248 -0.973119
-0.72929 0.591294 -0.344248
-0.667572 -0.737723 0.100561
-0.643836 -0.409283 0.6465
0.624233 -0.774838 -0.0997958
0.100973 0.961047 0.257279
-0.180221 0.477255 0.860086
0.870331 0.322933 -0.371804
0.584415 0.811435 0.00568499
0.0175432 0.807305 0.589874
-0.944224 -0.297162 -0.141902
-0.979253 -0.187046 0.0779527
0.237042 -0.941917 -0.237916
-0.603503 -0.576606 -0.550735
0.967634 -0.107401 0.228363
-0.325526 0.163731 -0.931249
-0.596437 0.771604 -0.22111
-0.996641 -0.0710346 -0.0407616
-0.789237 0.384412 0.478887
0.92504 -0.328822 -0.190204
-0.412464 -0.845232 -0.339788
-0.857584 0.0988511 -0.504756
0.206363 -0.441159 0.873381
-0.129392 -0.946005 0.297206
-0.624874 0.770534 0.125734
-0.100816 -0.751246 0.652277
-0.736292 0.515202 -0.43868
-0.696726 -0.337301 -0.633088
-0.479322 -0.560085 0.675689
0.54962 0.649175 -0.525823
-0.487463 0.316896 -0.813607
0.495008 0.421003 0.760081
-0.603331 -0.751796 -0.266073
-0.624056 0.430405 0.652154
-0.519839 0.820915 0.236361
0.847399 -0.400563 0.348517
0.539288 0.82014 0.191151
0.842347 0.433961 -0.319576
-0.431466 -0.202762 0.879048
0.914695 -0.211088 0.344638
-0.129852 -0.128654 0.983151
0.372372 0.924105 -0.0858387
0.326508 -0.923205 -0.202694
0.385351 -0.699673 0.601633
0.480928 0.346817 0.805249
-0.0139012 -0.93512 0.354057
-0.533565 -0.313477 0.78552
0.194271 -0.274954 0.941626
0.893857 -0.321194 0.312816
0.19099 -0.311707 -0.930785
-0.844165 -0.37546 0.382642
0.618155 0.0929082 0.780546
0.0764308 0.996272 0.0400143
0.772002 -0.634375 -0.0397597
0.159103 -0.765925 -0.622933
0.407696 0.451268 0.793814
0.796229 -0.438254 -0.417075
0.866745 -0.187962 -0.461978
-0.173082 0.879176 0.44395
0.78056 0.341318 0.523667
0.855089 -0.254546 -0.451695
0.300528 0.226763 -0.926424
0.281811 0.372102 -0.884377
0.936565 0.122606 -0.32835
-0.405928 -0.897585 0.171938
0.80034 0.194189 0.567228
-0.320461 0.89625 0.30666
-0.0088775 0.414946 0.909803
-0.453886 -0.882976 -0.119758
0.410885 -0.620114 -0.668306
-0.391875 0.247711 -0.886043
0.789687 0.0781828 -0.608508
-0.41589 0.899945 -0.130897
0.503314 -0.586689 -0.634406
-0.265872 -0.927779 -0.261797
0.356399 0.914131 0.193245
-0.439087 0.154269 0.885101
0.640863 -0.751778 0.155318
-0.247349 0.929635 -0.273124
-0.0175623 0.436531 0.899518
0.793855 0.131331 -0.593756
-0.651517 -0.733152 0.194974
0.642882 0.62929 0.436688
0.621467 0.517747 -0.587976
-0.582294 -0.347684 0.73488
-0.156421 0.984112 0.0840031
0.56841 -0.269929 -0.777206
-0.143025 -0.626163 -0.766462
0.43549 -0.852437 0.28931
0.361519 -0.931865 0.0305389
-0.386731 -0.913834 -0.123883
0.889811 -0.455617 0.0254692
-0.98911 0.0494224 -0.138631
-0.435875 0.230574 -0.86997
0.326287 -0.867305 -0.375923
-0.984404 -0.163656 -0.0645364
0.889494 -0.209112 0.406291
0.421445 -0.89577 -0.141352
-0.10606 -0.257128 -0.96054
-0.324928 0.546254 0.772029
-0.662067 0.114143 -0.740701
0.396732 0.865 -0.307211
0.858213 -0.0726194 0.508131
-0.127665 -0.581104 0.803753
-0.217202 -0.748069 0.62707
-0.417644 0.494169 0.762476
-0.560988 0.772588 0.297321
0.824799 -0.377206 0.421216
-0.025448 -0.315645 -0.948536
-0.451286 -0.737636 -0.50223
0.766918 -0.542038 0.343558
0.204928 0.386803 -0.899104
0.630422 -0.770974 -0.0903702
-0.277592 -0.50305 0.818464
-0.621297 -0.403818 -0.671507
-0.0631597 0.95464 -0.290986
0.965529 -0.254052 0.0566742
-0.302638 -0.749771 -0.588433
0.711884 0.480012 0.51265
0.552716 -0.689799 -0.467635
0.899211 -0.421573 -0.117031
0.310867 0.650483 0.692989
0.430014 0.79283 0.431866
-0.857679 -0.335197 0.38991
-0.0385176 -0.998738 0.0322381
0.0477486 -0.934379 0.353068
0.408599 0.331743 -0.85029
-0.838058 -0.364695 0.405778
0.903742 0.224054 0.36476
-0.664213 -0.288592 0.689591
-0.628721 0.777543 0.0116803
0.288449 0.73579 0.612707
0.475712 0.0769383 0.87623
-0.413098 -0.903605 0.113346
-0.171327 0.857325 0.485429
-0.958666 -0.0461816 0.28076
-0.703977 0.69049 0.166252
-0.73572 -0.048401 -0.675554
0.578303 0.336091 -0.743376
0.124065 -0.41884 0.899545
0.685862 -0.388484 -0.615365
0.801928 0.544832 -0.24509
0.805539 -0.327852 -0.493579
-0.235174 0.536382 -0.810548
0.550852 -0.245307 0.797739
0.645238 -0.206278 0.735607
-0.749105 0.659933 0.0577144
0.646291 0.648198 0.402676
-0.261493 0.652685 0.711072
0.163552 0.527111 0.833909
0.680184 0.145203 -0.718516
-0.0491034 -0.15045 0.987397
-0.155974 0.897199 -0.413166
0.959378 -0.179775 -0.217428
-0.370637 -0.0474585 0.927564
0.114554 0.835435 -0.537519
0.682435 0.25275 -0.685857
-0.29109 0.940933 -0.172953
0.110478 -0.0263125 -0.99353
0.441012 0.0970413 0.89224
-0.763587 -0.218148 0.607739
0.0732677 -0.692316 0.717865
-0.919137 0.391986 -0.0391655
-0.176545 -0.874032 -0.452658
-0.00225942 -0.582046 0.813152
0.17937 0.749215 -0.637576
0.818203 0.549817 -0.168064
-0.818088 -0.543323 0.188501
0.752583 0.520194 -0.403753
-0.573596 -0.559246 0.598524
-0.175587 -0.970084 0.167649
-0.622574 -0.489566 -0.610513
-0.44654 0.513026 0.73308
0.261414 -0.928752 -0.262835
-0.35358 0.698809 0.621809
0.383265 -0.822539 -0.420163
0.148463 0.689903 0.708514
0.405955 0.826005 -0.391045
-0.772512 0.634903 0.011084
-0.478758 0.79795 0.366151
0.67854 0.718953 0.150632
0.479553 -0.139915 0.866287
-0.990268 0.135142 0.0332591
0.765087 -0.300016 0.569765
-0.638349 0.750288 0.171983
-0.208944 -0.572519 0.792821
-0.149816 -0.201197 0.968026
0.441451 0.0521782 0.895767
-0.271931 -0.277821 0.921341
-0.190671 0.774922 -0.602612
-0.991172 0.0450998 -0.124676
0.735941 -0.527329 -0.424635
-0.216864 -0.358088 0.908154
-0.204392 -0.791139 -0.576474
-0.535482 0.606379 -0.587847
-0.389948 -0.660753 -0.641363
-0.7325 -0.673024 -0.102388
-0.973823 0.0988458 -0.204692
-0.894097 -0.197718 -0.401867
0.147007 0.897637 0.415496
-0.664345 0.745439 0.0544759
-0.402003 0.696295 -0.594615
0.123135 0.445681 0.886683
-0.945305 0.318463 -0.0705633
-0.383894 0.820065 0.424405
0.917726 0.384875 0.0982366
-0.973535 0.228511 -0.00357709
-0.868761 0.251573 0.426573
-0.100553 -0.356442 0.928891
0.55068 0.412887 0.725449
0.74898 -0.645939 -0.147622
0.550314 0.431142 -0.715032
0.581532 0.651826 -0.486768
0.80563 -0.424416 0.413317
-0.767136 0.254638 0.58878
-0.0781017 -0.848325 0.523683
0.308806 -0.791202 -0.527863
-0.130104 0.66849 0.732253
-0.416578 -0.798202 -0.435127
-0.199913 -0.86247 0.464952
-0.914358 -0.280373 -0.292129
0.25886 0.560563 -0.786613
0.967995 0.202844 -0.147783
0.898239 0.438713 -0.0264158
-0.961806 0.269025 -0.050543
-0.63778 -0.33641 0.692867
-0.317119 -0.15442 0.93573
-0.00295892 -0.878258 0.478178
0.228575 -0.973391 -0.0162136
0.468427 -0.513005 -0.719307
0.984273 -0.147187 -0.0976869
0.227719 -0.959507 -0.165803
0.0410724 -0.557904 0.828889
0.0247294 0.00534915 0.99968
0.259725 0.80021 0.540562
-0.10733 0.1536 0.982287
0.674281 -0.219951 -0.704958
-0.595452 0.690438 -0.41077
0.883106 -0.432004 -0.183021
-0.192379 0.733793 0.651566
0.295082 0.955215 0.0221357
-0.71873 0.372005 0.587401
-0.225687 -0.866969 -0.444332
0.74438 0.590578 0.311635
0.762928 -0.506746 -0.401434
-0.376949 -0.84008 0.390097
-0.64671 0.239396 0.724194
-0.992739 -0.1065 -0.0559227
-0.685949 -0.507189 -0.52176
-0.411026 -0.894762 -0.174525
0.603019 -0.50109 -0.620707
0.926535 0.203998 0.316098
-0.505162 -0.275304 0.817936
-0.874928 0.483175 -0.0322947
-0.718936 0.631752 0.289862
0.398199 0.772063 0.495335
0.161001 -0.736675 -0.656802
