0.0371292 -0.368799 -0.462592
-0.29501 0.645028 0.324554
0.582658 -0.0728482 0.75963
-0.829305 -0.232186 0.00148852
0.167084 0.724448 0.529658
-0.633266 0.43614 -0.103767
0.26497 -0.184943 -0.717801
0.251458 0.31942 0.621619
0.264561 -0.404682 0.203323
-0.596132 0.0763169 -0.424363
0.395255 -0.202407 -0.230676
0.386251 -0.168122 -0.250718
-0.48724 0.476031 -0.666727
0.096576 -0.441518 -0.265992
-0.522942 0.217297 0.742797
0.780242 -0.434976 0.440894
0.207808 -0.173204 0.477168
-0.117629 0.416247 0.393698
0.368036 0.197264 -0.651766
0.688001 -0.122362 -0.195808
-0.385025 -0.110141 -0.281664
0.717392 -0.418672 0.165961
0.43673 0.365017 0.728524
-0.672122 -0.599806 -0.0911994
0.16955 -0.535609 0.655194
-0.447677 0.460837 -0.373671
0.126483 -0.0958788 -0.368194
0.0707191 0.240018 0.284438
-0.284402 0.443026 0.249392
0.170858 -0.721926 -0.315201
0.874951 0.379472 0.0340788
0.524335 -0.480807 0.62431
-0.483415 0.128234 0.476458
0.53893 -0.233124 -0.572412
0.428005 0.128139 -0.0277262
-0.119095 0.251763 0.358932
-0.406566 -0.424955 0.416174
-0.141501 0.00743918 -0.255964
-0.327871 0.239308 -0.549849
0.268145 -0.101467 -0.0384896
0.458785 -0.453029 0.737171
-0.607328 -0.708552 0.102856
0.330383 0.256609 0.51651
-0.262713 0.0783854 0.761485
0.487811 0.226941 -0.479246
0.46865 0.0499842 -0.446284
-0.100343 0.779124 -0.102873
-0.723046 -0.0538444 0.042343
-0.604715 -0.208245 -0.00157357
-0.270937 0.800217 -0.136098
-0.234873 -0.512123 0.0382164
-0.716885 0.199152 0.39474
0.744177 0.360856 0.358626
-0.217981 0.222531 0.250416
0.307645 0.273652 -0.826679
-0.0854053 -0.000266506 -0.849378
0.162897 0.536933 0.559125
-0.44908 -0.662667 -0.306329
-0.897614 0.225127 0.298378
0.217855 0.0423042 -0.864865
-0.0744644 -0.209183 0.450459
0.114965 0.872463 -0.173392
-0.76892 0.109005 -0.43643
0.0849868 0.861082 0.189217
-0.260144 0.520524 -0.695957
-0.533716 -0.592153 -0.575691
-0.588156 0.355908 -0.174532
-0.768609 0.257684 0.442386
-0.232458 -0.186348 -0.251474
-0.618024 0.2014 -0.507342
-0.12401 0.57154 -0.762377
0.0311774 0.0831354 0.291572
-0.255474 -0.192473 0.675928
-0.731461 0.153612 0.381889
-0.906343 0.204712 -0.192569
-0.943226 0.326235 0.0235221
0.659499 0.175306 0.672612
0.52743 0.579813 -0.117405
0.418685 0.177934 0.368555
0.0157146 -0.480382 -0.166155
0.837291 0.506437 -0.0312835
0.75737 0.244933 0.536976
-0.172193 0.181862 0.772291
-0.465196 0.63386 0.435833
0.0929566 -0.735296 -0.638551
-0.565561 0.355197 -0.238544
0.654474 0.564782 -0.226671
0.637104 0.257935 -0.445039
-0.328887 0.797941 0.133122
-0.372385 0.17799 -0.631137
-0.541853 -0.219937 0.155972
-0.189653 0.317779 -0.219679
-0.445546 0.599184 0.136296
-0.561252 -0.804816 0.104311
0.104146 0.955048 0.244962
-0.116676 -0.202018 0.758387
0.329355 0.251233 0.685315
0.447771 -0.12058 -0.303513
0.0731719 -0.576354 -0.0933572
-0.215026 0.379962 -0.777734
-0.583333 -0.26995 -0.597594
0.516924 0.519764 0.0320694
0.28754 0.542767 0.409432
-0.436453 0.707278 0.0696902
0.016018 0.00871464 0.211504
-0.863903 -0.238305 -0.333936
0.0183347 -0.313794 0.0272285
-0.339755 -0.0305446 0.549958
0.0510642 0.73495 -0.207431
-0.468584 0.410651 -0.510811
-0.584778 -0.580607 -0.260892
0.649107 0.0983026 0.6176
0.00762018 0.911017 -0.31026
0.249146 -0.13027 -0.321677
-0.435073 -0.716584 0.437309
0.464808 0.365013 0.0647083
-0.295734 -0.0541176 -0.41661
-0.595795 0.0428951 -0.247756
-0.0936043 0.165706 -0.73362
-0.411173 -0.459414 -0.35551
-0.141804 0.0224774 0.525599
-0.0373998 -0.0973619 0.854859
0.55352 0.149164 -0.613577
-0.314972 -0.293329 -0.577169
-0.02423 0.905235 -0.140655
0.0652684 0.580859 -0.118366
0.109647 -0.119794 -0.3444
-0.784746 -0.313018 -0.0752457
-0.272969 0.134035 0.660287
0.332574 0.26024 0.355862
-0.823074 -0.333193 -0.235043
-0.61261 0.438363 -0.277875
-0.278235 -0.263954 -0.0436892
-0.0476463 -0.513335 -0.102067
0.29011 0.664282 -0.179922
-0.0329498 0.36489 0.273697
0.896478 0.231943 -0.00286905
0.251048 -0.644679 0.199168
-0.285927 -0.182834 0.413975
-0.528878 0.424409 -0.241254
0.0651227 -0.217909 -0.494633
-0.246649 0.37362 0.19169
0.333335 -0.258737 -0.211902
0.126558 -0.67644 -0.354295
0.606759 -0.319372 0.0731039
0.165281 -0.682212 -0.07123
0.117162 0.494587 0.386661
0.869477 -0.193089 -0.337496
-0.647397 0.30232 -0.545293
0.546677 0.330841 -0.199087
-0.65473 0.0708699 0.623523
-0.505414 0.246157 0.0786812
-0.563646 -0.121104 0.0926315
-0.509485 -0.146556 0.297126
-0.188886 0.723331 -0.183231
-0.0689543 -0.558002 -0.217253
-0.711146 0.0694196 -0.643417
-0.0818977 -0.0516697 0.0991137
0.571963 0.213974 0.559485
-0.37081 -0.809759 -0.367835
0.800119 0.15796 -0.405261
0.254241 0.240188 0.877137
0.15274 0.491956 0.253798
0.483643 -0.230272 0.747959
0.5907 0.226922 0.414095
-0.809189 0.571086 -0.0666675
-0.0247346 -0.401075 0.263343
0.407586 0.436433 0.0285001
-0.906846 -0.214449 0.0451571
-0.142042 -0.150755 0.723156
0.482327 -0.0312185 -0.417451
-0.679917 -0.41344 -0.177888
-0.170211 0.471121 0.208593
-0.711571 0.531504 0.110399
0.0508743 -0.619543 0.727654
-0.136048 -0.00804221 -0.915547
0.492622 -0.109473 -0.252124
-0.879586 -0.0462582 -0.159939
0.376842 -0.213164 0.782938
0.193234 0.691537 -0.514333
-0.369554 -0.104559 -0.680322
-0.57482 0.814166 0.0240402
-0.319641 0.26036 -0.0219426
-0.618706 0.654385 0.348533
-0.362798 -0.412637 -0.439032
0.294806 -0.353992 -0.338371
0.311746 -0.204017 0.66133
0.0946338 0.897037 -0.153643
-0.643229 0.639455 0.289212
0.718119 -0.0269709 -0.28892
-0.27126 0.427125 0.468459
-0.230987 0.0802037 0.00568413
-0.0920616 -0.705682 0.206936
-0.651951 -0.273088 0.442552
0.465193 -0.499005 -0.0793705
0.510068 0.416032 -0.585615
-0.565795 0.31761 -0.210819
0.485096 -0.566492 0.481692
0.56944 0.278246 0.208669
0.0824676 -0.872539 -0.085095
0.537145 0.281144 0.263453
-0.676466 -0.0114443 0.598437
0.82105 0.155443 -0.360978
0.636381 0.101978 0.0373559
-0.356966 0.409706 -0.0777476
-0.0889887 0.145935 0.522861
0.345673 -0.685726 -0.245733
-0.645904 -0.230419 -0.450031
-0.417423 -0.1226 0.177427
0.168998 0.480396 0.0163569
0.301089 0.0200694 0.57187
-0.328476 -0.00809702 0.220163
0.631906 0.118618 0.171949
-0.272452 0.196848 0.380925
-0.549368 0.569272 0.210165
0.818093 0.158729 -0.229498
0.24853 0.272614 -0.764521
-0.273374 0.117253 -0.331313
0.232028 0.453074 0.780716
0.11011 0.117837 -0.176927
-0.739542 0.373011 -0.0810098
0.481263 -0.180289 0.691339
0.446975 -0.79577 -0.0746198
0.906836 0.103737 -0.0453842
0.424069 0.775328 0.297477
0.292599 0.628465 -0.557196
0.925748 -0.040685 0.0586073
-0.464047 0.528003 0.578171
-0.514679 -0.485659 -0.276239
-0.673977 0.0174504 -0.0952909
0.151984 -0.350515 0.75663
0.469988 -0.194987 -0.308097
-0.196217 -0.713058 0.280678
-0.35088 0.830236 0.1957
0.191154 -0.502581 -0.181856
-0.0829747 -0.378616 -0.248912
-0.17459 0.374139 -0.107071
-0.849484 -0.150765 0.140839
0.106211 0.733084 -0.111421
0.617537 0.10844 -0.727711
0.416764 0.100155 -0.00768609
0.88491 0.198068 0.0132126
0.64891 -0.191 0.711423
0.502211 0.0217136 0.745174
-0.00444948 0.161365 0.325423
-0.525928 -0.181438 -0.493246
-0.019368 0.526127 0.512968
0.403684 0.405181 0.11552
-0.400018 0.569824 0.282927
0.230644 0.812604 0.16584
-0.0818712 0.101209 0.545946
0.428231 0.774458 0.0407872
-0.85997 0.364442 -0.27058
0.122495 0.702267 -0.0633096
-0.0411246 -0.315185 0.626239
-0.103807 0.184484 0.330701
0.215759 -0.298857 -0.241553
-0.677693 0.412776 -0.57739
-0.264203 0.49721 -0.53035
-0.920786 -0.110641 -0.247112
-0.580955 -0.129476 -0.467196
-0.428846 0.616513 0.548155
-0.26653 0.0814145 -0.583469
0.0680737 0.595266 0.620158
-0.153575 -0.188371 -0.529558
-0.114252 0.784613 0.231148
-0.226285 0.249374 0.364689
0.53878 0.491975 -0.495525
0.568494 0.711808 -0.000683288
0.564437 0.285881 0.748901
0.421734 -0.0383009 -0.489539
-0.235742 0.328098 -0.503083
-0.482643 0.216531 -0.499971
-0.142562 0.246686 0.883377
-0.540165 -0.18221 0.265048
0.473246 -0.401899 -0.281908
-0.399154 0.5572 0.276108
0.301685 -0.672164 -0.665741
0.68074 0.530145 -0.158452
0.305512 0.777719 0.0777284
0.65521 0.0119421 -0.334334
-0.439064 -0.320475 0.337131
-0.0416277 -0.364767 0.92703
0.420482 -0.393024 0.590921
0.289226 -0.365698 -0.624732
-0.301023 0.434843 -0.325753
0.220141 0.0930041 0.7917
0.108641 -0.753488 -0.58915
0.280304 0.196398 -0.710374
-0.243759 -0.863187 0.113939
0.0129063 0.228637 0.525076
0.494242 -0.365276 -0.25062
0.204532 -0.895732 0.224898
0.16188 -0.323696 0.574164
-0.347271 0.141073 0.613842
-0.693571 -0.215877 0.277369
0.104762 0.0173745 -0.0347053
0.886198 0.0648058 -0.428983
0.751555 -0.0652706 0.163485
-0.21792 0.0491825 -0.526275
-0.205809 0.0229207 0.0289576
-0.0695901 0.676454 0.309881
0.528173 -0.336083 -0.209504
-0.579719 0.373505 -0.290405
-0.354414 0.321953 -0.192486
0.552317 0.0185013 0.715489
-0.0958764 0.685266 0.430662
-0.603056 -0.78117 -0.156058
-0.426586 0.132129 -0.0330892
0.164724 -0.543332 -0.30112
0.581234 0.395855 0.276459
0.0697675 -0.338248 0.392627
0.207482 -0.688791 0.550741
-0.438155 -0.137014 0.363205
0.0449493 0.116271 0.26518
0.244179 -0.0575706 0.832745
-0.0771688 -0.441808 0.551916
0.317199 -0.422423 0.294783
-0.756679 -0.124936 -0.245147
-0.194043 -0.368205 0.778652
-0.655981 -0.302734 -0.0456963
0.243471 0.710611 0.098162
-0.247867 0.361692 0.317971
-0.628535 0.596573 0.290065
-0.0959516 0.756496 0.200703
0.696815 -0.168641 0.549384
0.240048 0.782861 -0.4362
0.0660643 -0.373293 0.906809
0.0339915 -0.33381 -0.365913
0.32069 -0.749051 -0.0187009
-0.198757 0.369024 0.444254
-0.0272634 -0.434031 0.113216
0.429861 -0.0329801 0.249093
-0.39776 -0.360745 0.00613088
-0.204316 0.315625 0.924691
-0.155624 -0.426176 0.223798
-0.285233 -0.813034 -0.371002
0.0268939 0.271665 -0.722197
-0.303406 -0.573558 0.618366
0.483625 -0.724147 -0.276917
-0.272372 0.603927 0.212055
-0.222337 0.799364 -0.11971
-0.783585 0.202878 -0.505485
-0.652351 -0.376193 0.420914
0.22549 -0.56656 0.393445
0.164876 0.638427 -0.128446
-0.0825403 -0.24984 -0.622065
0.0315243 0.392452 0.396396
0.315007 -0.492123 0.720177
-0.475267 -0.657741 0.0621141
0.0241253 0.0837965 0.0373649
-0.79229 -0.240615 0.323897
0.289935 -0.243234 0.332067
-0.739023 -0.402542 0.0656636
0.709952 -0.0792338 0.309929
-0.526064 0.698335 0.118707
-0.394713 0.139767 0.529377
-0.581996 -0.579372 -0.44309
0.615252 -0.0969919 -0.43408
0.0633618 0.393236 0.0804946
0.105277 -0.628805 -0.451404
0.0606342 -0.270296 -0.637106
0.255531 0.433398 0.846583
0.479667 0.671603 0.210174
0.346838 -0.0252782 0.0407873
-0.380061 -0.0402518 -0.403962
-0.566634 -0.554834 0.194406
-0.100306 -0.791718 0.56239
0.246851 0.256421 -0.39262
0.127751 0.837535 -0.209475
0.2728 0.422889 -0.210255
-0.545076 -0.24472 -0.271913
0.0205651 -0.278138 -0.55839
0.531294 0.658051 -0.481128
-0.131256 -0.662246 -0.308955
-0.557079 -0.284675 0.157093
0.644768 -0.445206 -0.401246
-0.545643 0.0870273 0.345783
-0.232404 -0.429148 0.750967
-0.0867856 0.974517 0.104839
-0.386031 0.079132 -0.869709
0.16404 -0.585088 0.489966
0.811539 0.200613 0.119763
0.263834 0.457023 0.0693555
-0.584543 0.125266 0.644173
0.283104 -0.388274 -0.109135
0.410234 -0.397941 -0.594244
0.252325 -0.858569 0.208756
0.0589729 -0.440737 0.682301
-0.877637 0.34439 -0.225141
0.473796 0.0881639 -0.473385
-0.263338 0.362427 0.282448
-0.23603 0.573988 0.383805
0.798441 -0.443183 -0.346825
-0.0762599 -0.888982 -0.33512
-0.162367 -0.191337 -0.0613582
0.0309683 -0.32224 -0.539648
-0.132948 0.169414 0.51727
0.127429 -0.565457 0.712667
-0.115894 -0.254881 0.232669
-0.557976 0.416056 0.141662
-0.0128518 -0.670783 -0.728879
-0.337735 0.110207 0.241851
0.881298 0.0798436 0.169709
0.450932 -0.159976 -0.687405
0.0447658 -0.278235 0.243528
-0.800989 0.329092 -0.0605374
0.814127 0.459201 -0.185197
-0.301758 0.591466 -0.406747
0.624471 -0.193578 0.114419
-0.654441 -0.288693 0.150448
-0.184594 -0.235234 -0.531194
0.432393 0.106438 0.394747
-0.277755 -0.219453 0.898013
0.496694 0.779902 -0.0932974
0.734587 0.466512 0.438679
-0.486506 -0.10638 -0.0516263
0.00751983 0.291757 -0.852092
-0.123411 -0.0246923 -0.525769
0.0378689 -0.640954 0.700182
-0.141399 -0.739732 0.346208
-0.602048 -0.727053 0.0213585
0.53544 -0.55132 0.459251
-0.771896 0.0122892 0.0361634
-0.6753 -0.469639 -0.000442155
0.141502 -0.244622 0.348536
-0.349187 0.625094 -0.44878
-0.953343 0.183959 -0.100297
0.410877 0.369317 -0.085623
-0.0362721 -0.582384 -0.149081
-0.636189 0.35739 -0.279184
0.425298 0.36359 0.173311
0.0784891 -0.575295 -0.668749
0.196235 0.876003 -0.261747
-0.396366 -0.119659 0.155586
-0.360933 0.475158 0.432663
0.609848 0.172629 -0.421813
0.623114 -0.252295 0.678741
0.579721 0.413279 0.187219
-0.862742 0.0955956 -0.322555
-0.040184 0.471825 -0.447465
-0.25254 0.285469 -0.237443
-0.519782 -0.194017 0.691725
-0.734731 -0.308229 -0.272713
-0.250274 -0.75088 -0.107522
0.694194 0.196754 -0.503613
-0.0547595 0.789689 0.0598326
0.227352 -0.566921 0.0602654
0.101797 -0.513511 -0.431888
-0.0484117 -0.00299017 -0.972473
-0.441411 0.487142 0.664735
-0.527198 -0.340458 -0.482977
0.548322 -0.0497132 -0.0437792
-0.513671 0.246712 0.768287
-0.822015 0.289084 0.221926
-0.492862 0.271036 -0.208518
-0.0590511 0.605394 -0.0927174
0.364417 0.140657 0.21728
-0.25361 -0.160218 0.188875
-0.245022 0.0539878 -0.760886
0.796958 0.151521 0.376755
0.303157 0.330645 0.786899
-0.341767 0.60857 -0.128357
0.555777 0.047501 -0.559462
-0.146838 0.206725 0.147858
0.0567341 0.807264 0.35118
-0.160207 -0.175205 -0.648081
-0.306933 0.453113 0.277498
0.337836 0.860834 0.351632
0.238902 -0.591645 0.130243
-0.857871 0.117425 -0.132773
-0.30598 0.531484 -0.368495
-0.47757 -0.0824789 0.446858
0.352758 -0.714415 -0.0108852
-0.322992 -0.891349 0.128508
0.158822 -0.269271 0.617564
0.810713 0.284871 -0.199333
-0.816065 0.0302796 -0.276193
-0.371817 0.0867796 -0.0808005
-0.382973 -0.40617 -0.605151
-0.226237 0.372424 0.263922
0.0698634 0.596408 0.749271
-0.25396 -0.487818 -0.774811
-0.346572 0.270682 0.220082
0.400503 0.364656 0.695926
-0.252156 -0.685367 0.498262
-0.0051999 -0.0409846 0.183331
0.297164 0.305538 -0.464074
0.154088 -0.541489 0.00776708
-0.129162 -0.799943 -0.292915
0.346084 -0.318602 0.653378
-0.262105 0.325146 -0.520447
-0.134639 -0.193145 0.518652
0.719556 -0.604519 -0.0622024
0.147208 -0.419111 -0.87267
-0.47844 -0.329417 0.29726
-0.340682 0.377913 -0.142387
-0.385873 0.391883 -0.428888
0.458178 -0.583972 0.379953
-0.456107 0.285166 -0.40886
0.129007 -0.868908 0.197752
-0.0901153 -0.38888 -0.675654
-0.0597833 -0.525583 0.770422
0.682975 0.729378 0.00281854
-0.577266 -0.664893 -0.358995
-0.596472 -0.776538 0.0285639
-0.231288 0.574877 0.207336
0.008051 0.406758 0.290628
-0.177403 0.277447 -0.0164678
-0.31082 -0.278869 -0.860728
-0.480514 -0.203597 0.0107111
0.447118 -0.0242187 0.81697
-0.450161 0.0673722 0.529612
0.0452696 -0.6972 0.103397
-0.157563 -0.0922018 0.711693
-0.437334 -0.259174 0.799527
-0.369369 -0.581087 0.668404
-0.682843 0.28879 -0.0402183
-0.393412 0.128417 0.735859
-0.302292 -0.576281 0.322194
-0.543581 -0.635641 0.115909
0.495981 -0.855639 -0.0406609
0.373662 0.261935 0.655558
-0.323167 -0.52018 -0.059857
-0.0576386 -0.64972 0.373939
-0.10318 -0.693986 0.325595
0.837254 -0.0312986 -0.161672
-0.334389 0.818489 -0.0769281
0.434024 0.619157 0.613848
-0.241342 -0.116732 0.586886
0.476403 -0.193159 0.126503
-0.604349 -0.430563 0.114498
-0.0316815 -0.0949823 -0.582986
0.0142224 -0.555253 -0.747128
0.360962 0.273482 -0.170348
-0.521922 0.573111 -0.326761
0.0254043 0.933173 -0.334934
-0.541429 -0.424224 -0.424201
0.597276 0.241615 -0.00519656
-0.293364 0.861414 0.316722
-0.419762 -0.538018 0.24066
0.107386 0.244913 0.549142
-0.396683 -0.110172 -0.907864
-0.0613316 0.662209 0.0992944
-0.689308 -0.413304 -0.525479
-0.825675 -0.344655 -0.194579
0.582375 0.302356 0.154653
-0.727267 0.0251484 -0.492855
-0.16898 0.473992 -0.0184266
0.17266 0.372549 -0.149017
-0.0107621 0.322488 -0.550423
0.533563 -0.379417 0.61644
-0.247137 0.692605 0.32549
-0.63615 0.377301 -0.40907
0.163181 -0.721277 0.156205
0.414995 0.00575819 -0.420967
-0.256896 0.914442 0.254461
-0.325508 -0.259787 -0.321362
-0.219635 -0.329416 -0.867725
0.646664 -0.262487 -0.64953
0.433565 -0.693242 -0.55399
-0.402743 -0.685728 -0.169383
0.646725 0.202104 0.181232
0.396267 -0.353743 0.345147
0.302218 -0.707274 -0.637255
-0.714128 0.51789 0.0780673
-0.360445 -0.52981 0.232658
-0.252706 -0.539704 0.334775
0.568659 0.29526 0.646414
0.376917 0.414828 0.444243
-0.399873 -0.669866 0.224805
-0.131035 0.670928 -0.1599
-0.419467 -0.308845 -0.450011
0.0779614 0.710882 -0.0520987
-0.0200497 0.453509 0.692388
-0.646795 -0.183614 -0.235814
0.835206 -0.176399 0.38932
0.710211 0.161156 0.607952
0.0377327 -0.305188 -0.592098
-0.539416 -0.518008 0.399658
-0.303091 0.756894 0.19701
0.209483 0.860843 -0.0156679
0.187526 0.14486 0.685237
0.897387 0.113098 0.0954851
0.185795 0.240836 -0.934711
0.277028 0.266196 0.125323
0.336265 0.797063 -0.217692
-0.0650906 -0.593845 -0.274442
-0.264775 0.458556 -0.696381
-0.0826473 -0.708369 0.681033
-0.630564 0.0024939 -0.359762
-0.166417 -0.42135 0.568761
-0.720594 -0.299792 -0.252479
0.0785583 0.812389 -0.476416
-0.459154 -0.0726252 -0.281943
-0.242088 0.700449 0.257867
-0.0171714 -0.194723 -0.444947
0.259501 -0.804839 -0.301148
-0.0753411 -0.219826 -0.918201
0.4112 -0.64766 -0.37285
-0.339623 -0.644202 -0.0828154
-0.243578 -0.685454 -0.338874
-0.710103 -0.0753179 0.125704
-0.0616899 -0.110343 -0.830817
0.365829 0.0761085 -0.671532
-0.30847 -0.837899 -0.256248
0.484115 0.40571 0.169094
0.045317 -0.682219 0.280896
0.150692 0.267203 0.102079
-0.779033 0.544941 -0.0701783
-0.102588 -0.654891 -0.215759
-0.423919 -0.287022 0.576529
-0.438419 0.693823 0.550878
0.468736 0.260477 0.214236
-0.191778 -0.118515 0.359003
0.443503 0.132288 -0.0354752
-0.0918571 0.136674 -0.223486
0.041126 -0.690094 -0.295576
0.268219 0.399384 0.853774
0.011324 0.844292 -0.241189
0.835818 0.0477649 0.156903
0.173874 -0.502388 -0.225033
0.0354947 0.38135 -0.00724966
0.69711 0.1564 0.555407
-0.10081 0.115774 -0.647466
0.0327149 0.377592 -0.618328
-0.0324479 0.198651 -0.28464
-0.0383414 -0.46096 0.123122
-0.319367 0.72917 0.110596
-0.255145 0.288785 -0.175756
-0.218867 -0.260015 -0.908071
-0.120548 -0.580761 0.214079
-0.538468 -0.0722233 0.581895
0.135566 -0.543328 -0.172128
0.456322 0.181141 0.655732
-0.767507 0.230238 -0.397846
0.196301 0.0719594 0.726917
0.628684 -0.473605 -0.519274
0.519306 -0.463625 -0.61255
-0.782785 -0.484064 -0.0792441
0.500412 0.361439 0.647504
0.159889 -0.357893 0.806036
0.244134 -0.184186 0.150003
-0.631443 0.222576 0.0177912
-0.143612 0.801203 -0.551834
-0.0655018 0.684528 0.700695
-0.360398 0.0636116 0.914763
0.232149 -0.129385 0.692013
-0.143057 -0.062341 0.679848
0.587739 0.155219 -0.777043
0.140523 0.866567 -0.103583
-0.396876 0.795192 -0.0836433
-0.141471 -0.0565708 0.421392
0.484785 -0.772936 -0.320487
-0.439055 0.552057 -0.519506
-0.197589 -0.769997 0.0122766
0.259346 0.480563 -0.308432
0.278022 0.759748 0.516686
-0.372806 -0.512492 0.168125
-0.257432 -0.277157 0.516513
0.55152 0.82848 -0.0202125
-0.117942 -0.831306 0.0284021
0.0949437 -0.729512 -0.660833
0.521164 0.180027 -0.113119
-0.0600688 0.749382 -0.0618435
0.791857 -0.280058 -0.110982
-0.314719 0.575741 0.364373
-0.360991 -0.877119 -0.12543
0.12678 0.411467 0.781869
-0.177053 -0.634232 0.13147
-0.238612 -0.0367399 -0.836079
-0.194744 -0.917156 -0.308469
0.542535 -0.223677 -0.132062
0.808216 0.338 -0.172514
0.547527 0.470486 -0.274001
0.326676 0.47423 0.649062
-0.600792 -0.618946 0.250055
-0.588419 -0.496013 0.532339
-0.439238 -0.473871 0.220047
-0.669021 0.491167 -0.063059
-0.768634 -0.18841 0.0437983
-0.0203221 0.174507 0.398395
-0.36094 0.0846709 -0.00790177
0.243663 -0.229313 -0.685097
0.238688 -0.69646 -0.555947
0.163227 -0.569024 0.0730648
-0.25697 0.146202 0.72659
-0.258032 0.832364 -0.0652888
-0.146772 0.543681 0.744005
-0.192706 -0.488226 -0.0163853
0.298835 0.773895 0.508786
0.559376 -0.65616 0.21312
0.265961 0.4512 0.00607692
0.204457 0.267422 -0.059662
-0.801531 -0.244681 0.357695
0.189236 -0.284624 0.309143
-0.496785 0.223954 0.764608
-0.50499 -0.0104564 -0.516991
0.70709 -0.224759 -0.550292
-0.0449068 -0.000837578 -0.202608
-0.129754 -0.698842 0.19179
0.0346888 -0.543834 -0.609352
-0.629384 0.754601 -0.175607
0.232347 0.342933 0.346647
0.897293 -0.189283 0.212732
-0.643737 0.417298 0.150312
0.333533 -0.630712 -0.606776
-0.0697979 0.777294 -0.0398646
0.0749639 0.838838 -0.386741
0.679408 -0.407133 -0.333266
-0.170503 0.00809927 -0.45385
0.234959 0.211881 -0.533875
0.43731 -0.222132 -0.437114
-0.279664 -0.59838 0.392289
-0.122027 -0.219905 0.0409804
-0.224478 0.674397 0.467147
-0.349905 0.456634 0.5759
0.522238 0.808054 -0.204081
-0.318705 0.671016 0.426857
0.846147 0.418237 -0.143744
0.413964 -0.117344 -0.0531913
0.22135 -0.130413 -0.850147
-0.173386 0.347936 -0.484708
0.143999 -0.391771 -0.503105
0.371846 -0.554128 -0.178336
-0.0727657 -0.90884 -0.0764978
0.621207 0.0610669 0.255172
0.261539 -0.553667 -0.0199929
0.361679 0.452116 0.213014
-0.228652 -0.138989 -0.308559
-0.168334 -0.0534113 -0.37932
-0.428728 0.813754 0.318531
-0.599018 0.184953 -0.0129741
-0.11401 0.515468 -0.586482
-0.514259 -0.170929 -0.633827
0.701442 0.153708 -0.387851
0.150716 -0.100972 0.373682
-0.792242 0.0216936 -0.114967
0.674965 -0.462429 0.373083
-0.127827 0.511025 -0.547839
0.112249 -0.00589527 0.247516
-0.806736 -0.363608 -0.271852
-0.221215 -0.415494 -0.379559
0.416345 -0.401911 -0.284467
0.3447 0.899327 -0.101129
-0.595346 0.43875 -0.573185
0.567657 0.111168 0.695733
-0.642377 -0.267239 0.322428
0.529429 0.539981 -0.285162
-0.60065 0.437095 -0.428053
0.419096 0.706015 -0.569314
-0.468547 0.171756 -0.209286
-0.520852 -0.410953 -0.16753
-0.212411 -0.61771 -0.175826
-0.606833 0.315519 -0.274775
0.00738861 -0.278353 -0.839813
0.160959 0.555271 0.48396
-0.718203 0.10636 0.339111
-0.262684 -0.225383 -0.522441
-0.554906 0.212628 -0.338385
0.163751 -0.808543 0.45879
0.975963 -0.0353606 0.114786
0.18959 0.0369593 0.669982
-0.192155 0.948846 -0.172745
-0.028809 -0.0379082 -0.282159
-0.486729 -0.358855 0.351012
0.5142 -0.543922 -0.296264
0.385481 -0.0265515 -0.0507478
0.650782 -0.227426 0.35053
0.190591 0.46229 -0.815674
-0.50909 0.537379 -0.221854
-0.746605 0.280078 -0.385726
0.196451 0.0646655 0.811595
0.159894 -0.50546 0.18034
0.0304854 0.467654 0.0366183
0.618088 0.224286 -0.557321
0.203367 0.321958 0.546172
0.21702 -0.193738 -0.442666
0.0528712 -0.135831 -0.603976
0.231129 -0.620901 -0.636558
-0.471244 0.571322 0.373013
-0.675526 -0.145677 0.353945
0.316713 -0.300441 -0.829423
0.32247 -0.22912 -0.143181
-0.0903721 -0.532968 0.835097
-0.719994 -0.193187 -0.0427068
0.389254 0.555773 0.427628
-0.337416 0.34403 0.701556
-0.150829 0.483258 -0.733397
-0.106477 -0.411295 -0.727416
0.1517 0.811957 0.466336
0.415502 -0.162963 0.891816
-0.398696 0.698558 -0.247747
0.321167 -0.24343 -0.727802
0.334651 -0.682966 0.591082
0.538275 0.438453 -0.315421
0.667098 0.316575 0.184777
-0.676323 -0.155118 -0.213903
-0.145353 -0.770275 -0.535099
-0.503317 0.364515 -0.593389
-0.65593 0.264201 0.364827
-0.0327504 -0.317867 0.748807
0.2972 0.204179 -0.00675273
0.262023 0.122821 -0.720477
-0.440634 -0.0155015 0.135273
0.440681 0.121488 -0.511248
0.260539 -0.0307456 0.44784
0.635199 -0.181791 0.319954
0.405518 -0.0438541 0.211687
0.0165429 0.58502 -0.699833
-0.285351 -0.451202 -0.598456
-0.242092 -0.794514 -0.116831
0.937912 -0.0586708 -0.215552
-0.446173 0.0905975 0.251596
0.438947 0.364311 0.304606
0.440659 0.178122 -0.584018
0.422337 0.266562 0.313209
-0.670193 0.649065 -0.13265
-0.462401 -0.0148198 -0.833383
0.52574 -0.0862696 -0.530633
0.184676 0.582928 0.43718
0.46587 -0.405138 -0.570092
-0.171457 -0.468638 0.649418
-0.104689 0.096128 0.783428
-0.0779698 0.2678 0.653997
0.421105 -0.258549 0.373824
0.843685 -0.107126 -0.514646
0.317654 0.100791 0.581746
-0.76971 0.560429 -0.289747
0.1455 0.0716331 0.983444
0.503512 -0.497114 0.126546
-0.124496 0.436077 -0.0249757
0.330153 -0.210907 0.210673
0.473223 -0.249999 0.636105
0.205188 -0.245044 -0.0282261
0.128156 0.663803 -0.631616
-0.506048 -0.367692 0.436146
0.517175 -0.072288 -0.665556
-0.461628 -0.186696 -0.139154
0.514604 0.137168 -0.703135
-0.535011 0.450776 0.531931
0.0198957 -0.478486 0.714204
-0.604258 -0.300594 0.0847065
0.743178 0.469902 0.203184
0.174805 0.16419 -0.00127617
-0.307257 -0.314762 0.6397
0.336493 0.101187 -0.515144
-0.124563 -0.177694 0.453567
0.595229 0.00627692 0.542012
0.230665 0.0127154 -0.20543
0.301337 -0.680806 -0.549758
-0.187 0.464976 -0.643208
0.266629 -0.107069 -0.913177
-0.819275 -0.228683 -0.515753
0.891784 -0.14273 0.406616
-0.343714 0.466221 -0.550676
-0.678766 0.0161329 0.037607
-0.376264 0.707888 -0.0420815
-0.0737781 -0.326999 -0.453764
-0.422971 0.347965 -0.248534
0.206332 -0.251656 0.227453
-0.166411 -0.558323 0.292758
0.0318644 -0.325787 -0.33825
0.518699 -0.359601 -0.764568
0.561577 -0.211735 0.150918
0.539497 -0.256346 -0.199484
-0.492043 0.722426 0.0454438
-0.335683 0.0768196 0.804258
0.69229 0.415548 -0.565762
0.474244 0.120942 -0.560588
0.651102 -0.410123 -0.45958
0.195048 -0.268678 0.865742
-0.134385 0.294281 0.0194997
-0.292829 -0.100583 -0.334529
0.394068 -0.641101 -0.0201547
-0.0592605 0.0800238 -0.559169
0.0489498 -0.0617563 0.63658
0.141103 0.186151 -0.206762
-0.302605 0.163452 -0.0819116
0.186592 0.13051 -0.340746
-0.130325 0.489392 0.760879
-0.473985 -0.538689 0.299547
-0.258334 0.384869 -0.0427454
-0.374022 -0.875652 -0.157679
-0.578343 -0.0395429 -0.327944
-0.275341 0.570027 0.601827
-0.490531 -0.712244 0.0199363
-0.615751 -0.214802 -0.601545
0.739613 0.425145 -0.154094
-0.133509 -0.9292 -0.0630353
-0.688006 -0.0319271 -0.573065
-0.708471 0.259211 0.62887
0.478394 -0.573474 -0.301999
0.515476 -0.716064 -0.0276082
-0.747456 0.280641 0.402548
0.362611 -0.0646403 -0.915932
0.0921328 -0.715478 0.317491
-0.177213 -0.406549 -0.340372
-0.73606 0.395364 -0.0374805
-0.542548 0.671959 -0.245253
-0.808665 -0.303967 0.473247
-0.00832374 -0.220858 0.768509
0.0536411 0.782397 0.420219
-0.496645 0.417504 0.548192
-0.0313554 -0.53216 0.528017
0.322033 0.658521 -0.0584774
-0.543544 -0.0441555 -0.650215
-0.943823 -0.086146 0.0504892
-0.207643 -0.472014 0.362012
-0.328389 0.673469 0.3085
-0.557058 0.500974 0.48743
0.452284 -0.498764 -0.0708514
-0.648012 -0.159274 0.103351
-0.409397 -0.318746 0.0663947
-0.891953 0.158274 -0.114583
0.220321 0.291526 0.0665811
-0.355225 0.224839 0.754437
0.710306 -0.18847 0.00236985
-0.617109 0.522082 0.0818126
-0.157142 0.948858 0.0478404
-0.902759 0.182479 -0.277443
0.00783937 -0.273194 0.514718
-0.526655 0.640997 -0.231352
-0.198816 -0.010423 -0.384659
0.339032 -0.11566 0.307953
0.799943 -0.351842 -0.426158
0.913576 0.214368 0.323531
0.223859 0.335761 -0.639138
0.4049 0.357085 0.458284
0.665285 -0.480783 0.402691
0.818917 0.0886558 -0.0713267
0.151827 -0.0789682 -0.501366
0.358476 0.757535 0.385027
0.25183 0.283592 0.243916
0.0226779 -0.292662 0.00432062
-0.182397 0.143797 0.664818
0.236004 0.510224 -0.582045
0.74581 0.0477373 0.558411
0.264454 0.551468 -0.702707
-0.910221 -0.000877129 -0.0806199
0.594547 0.0565242 0.514077
-0.398454 0.0779544 0.0152973
-0.105445 -0.496638 0.059148
-0.81417 -0.0879179 -0.286281
0.399665 0.0916241 0.0772049
0.146718 0.503105 0.350754
-0.275523 -0.329255 -0.20342
-0.708055 0.0666645 0.469567
-0.877898 -0.383462 -0.159928
0.151261 0.946215 -0.13757
0.336449 0.379557 0.812144
0.575487 0.115384 0.032971
0.222803 0.324607 -0.0105277
0.291028 -0.469829 -0.721158
0.0535828 -0.398089 0.720923
0.652547 0.602189 -0.144402
-0.597346 -0.290299 0.447575
-0.901673 -0.0575496 -0.00173974
-0.203532 0.0853702 0.0551123
-0.227201 0.209711 0.607731
0.329985 -0.677515 0.319311
0.108859 -0.0818778 -0.00938892
0.503471 0.397822 0.475768
0.0475816 -0.0839509 0.368724
-0.470824 0.608891 -0.504262
0.144253 -0.593146 -0.772912
-0.556251 0.773983 0.266114
-0.257356 -0.231323 -0.185617
0.0360615 0.172618 0.832698
-0.129578 -0.525138 -0.810567
0.455574 -0.221229 0.0476321
0.374942 0.502645 0.725553
0.594377 -0.0907 0.293506
-0.0206617 -0.295034 0.364855
0.576003 -0.376847 -0.596264
0.367391 0.608572 -0.140937
-0.184869 -0.593023 0.248847
0.505474 -0.369231 0.379764
0.647044 -0.142571 0.314815
0.930122 -0.0512231 -0.199388
0.153954 0.181638 0.3727
0.333568 -0.0892962 0.143023
-0.231076 -0.595252 -0.0464549
0.830512 0.197424 -0.00147861
0.324557 -0.377137 0.185358
0.862489 0.241485 -0.290911
0.343654 -0.337242 0.700497
0.574428 -0.43777 -0.628159
0.236053 0.619732 -0.141415
-0.196783 -0.314829 -0.0240096
-0.288229 -0.0771496 0.52309
0.522836 0.538712 0.369006
-0.385205 -0.515468 0.677029
-0.122298 0.643002 0.638704
-0.673984 -0.0932982 -0.0509869
0.125262 0.783286 -0.335775
-0.278694 0.41253 0.457652
0.390753 -0.00127438 0.557043
0.351464 0.517579 -0.324956
0.711012 -0.0350648 0.146424
-0.492082 0.173745 -0.230813
-0.067693 0.683465 -0.0396669
0.0938559 0.378382 -0.217712
-0.251424 0.139301 0.232335
-0.732466 0.0736847 0.199021
0.584445 0.661773 0.351765
-0.453351 -0.220829 -0.737677
0.597307 0.521794 0.38663
-0.0703099 -0.19164 0.0635278
-0.191371 0.204997 -0.157811
-0.141207 -0.477701 0.593211
-0.70932 -0.197801 -0.160123
-0.467908 -0.15766 -0.139297
-0.19483 0.529645 0.144444
-0.659584 0.362495 -0.195281
-0.43231 -0.818889 0.0661025
0.472814 0.237221 0.0475377
0.0835236 0.381027 -0.734874
-0.681526 0.17516 -0.174099
-0.635007 -0.37701 -0.163696
0.49498 -0.581967 0.553914
-0.284488 -0.313622 -0.799742
0.253036 -0.806108 0.237728
0.338106 -0.424692 0.397637
0.464858 0.710365 -0.47571
0.452103 0.0165968 -0.668445
0.394606 -0.315297 -0.0611958
-0.478935 0.25186 -0.0410721
0.108322 -0.253816 0.803786
-0.109302 -0.172492 -0.660215
0.205006 0.784922 -0.133153
0.0647114 0.810611 0.341985
-0.271751 0.279006 -0.312138
-0.126194 -0.458666 -0.86308
-0.106375 -0.27639 -0.724121
-0.047834 0.34729 -0.734828
-0.351694 0.173458 -0.115664
0.120644 0.535649 0.685605
-0.404303 -0.355762 -0.449893
0.168876 0.590844 -0.441244
0.280979 0.0417429 0.287119
-0.0979795 -0.247014 -0.251662
-0.306715 -0.0177422 -0.258751
-0.0419652 -0.111842 -0.365961
0.18015 0.177909 -0.215544
-0.581303 0.392554 0.517082
-0.288057 -0.350543 -0.512465
-0.484885 0.734553 -0.0437751
0.523295 0.492309 -0.413158
-0.284056 0.403658 -0.414
-0.86423 -0.357869 0.0942175
0.324503 -0.467749 -0.515916
0.790628 -0.0847457 -0.257709
-0.73057 0.662087 0.0320227
0.690026 0.463007 0.0221007
-0.1864 -0.742689 -0.48095
0.889382 0.147244 0.331632
-0.743696 0.352103 0.470136
-0.321891 -0.641953 -0.272465
-0.445585 -0.536781 -0.0857315
0.320557 -0.690124 0.16959
-0.206985 -0.426538 0.661353
-0.687586 -0.539327 0.416832
-0.81391 0.332165 0.387253
-0.317963 0.756161 0.110281
-0.16977 -0.0170536 -0.323318
-0.249106 -0.530777 -0.687231
0.639962 0.380366 0.425646
0.481724 -0.677473 -0.248522
-0.599363 0.325393 -0.517027
0.352291 -0.316355 -0.250637
0.035536 0.0118002 0.251561
0.16608 -0.362909 -0.174656
0.731914 -0.100853 0.0887929
0.395484 -0.371902 0.262168
-0.672652 -0.0906422 0.549076
0.130755 -0.154045 0.042017
-0.430736 -0.0704537 -0.469499
-0.415058 0.623146 0.0705936
0.0791918 -0.582248 -0.107006
0.106181 -0.484533 -0.569204
-0.195946 -0.511229 0.81155
-0.667432 -0.167613 -0.553127
0.0520676 -0.627297 -0.168366
-0.579666 -0.320348 -0.348156
0.394139 -0.373698 0.658717
-0.339951 0.250313 -0.11861
-0.0177435 0.597136 -0.320196
-0.126458 -0.587007 0.275826
0.160079 0.630502 0.621272
-0.72704 0.267182 0.458674
0.23315 0.544687 -0.0416795
0.357552 0.534173 0.0545844
-0.0175579 0.679263 -0.723612
0.338788 0.0308779 0.395472
0.449923 -0.70687 -0.411861
-0.058499 0.246103 0.126699
-0.534864 -0.390955 -0.417883
-0.0237566 0.159117 -0.599552
-0.0269636 -0.664319 0.20179
-0.408777 -0.467992 -0.580915
0.0354584 0.300145 0.293234
0.251737 -0.179475 -0.892457
0.355117 0.085594 -0.385722
-0.510909 0.235869 0.0363028
0.0439651 -0.297403 -0.303105
-0.0448821 -0.508398 0.133802
-0.215057 -0.881855 -0.400309
-0.226875 0.508476 -0.520949
-0.481954 0.706129 -0.474197
-0.484765 -0.680193 -0.501568
0.304843 0.296545 -0.808228
0.149181 0.626907 -0.200722
-0.324616 0.773314 0.0375339
-0.431155 -0.675057 -0.43388
0.399796 -0.431541 0.540808
-0.055016 -0.0280383 0.878374
-0.562831 -0.488781 0.0581623
0.242991 0.251326 0.061051
-0.453302 0.0397663 0.185729
-0.00873723 -0.77635 -0.236911
0.118994 0.0592794 -0.406577
0.218958 0.227456 -0.106909
0.425629 -0.127148 -0.716711
-0.121484 -0.019743 0.151263
0.0344893 0.359084 0.358589
0.135898 -0.359835 0.830175
0.100107 0.275494 0.423052
0.063902 0.800291 0.526959
0.0129119 0.0430146 -0.0204649
0.219743 0.437571 0.588164
-0.522749 -0.31386 -0.468935
0.000798855 0.25918 -0.33945
0.321637 -0.880475 -0.0394972
0.824848 -0.49387 0.253343
-0.111785 0.6923 -0.427738
0.703051 0.111417 0.292679
-0.615652 0.549502 0.428763
-0.410345 0.273967 -0.0936436
-0.800882 0.305963 -0.145179
0.387549 0.113807 -0.590815
-0.183799 -0.668647 0.334586
0.510922 0.579133 -0.530791
-0.182123 0.258322 0.300856
-0.7285 0.628224 -0.117324
-0.131811 -0.0936083 -0.626141
-0.270047 0.405349 -0.209792
0.306356 0.799381 -0.256959
-0.0915256 0.822398 0.306757
-0.527293 0.135379 -0.207456
0.494416 -0.477221 -0.63378
-0.298801 -0.371032 0.160295
0.106361 -0.0991133 0.715717
0.631823 -0.124537 0.0967799
-0.112355 -0.319023 0.0556069
-0.366575 0.142951 0.120382
-0.068173 0.0451891 -0.886715
-0.106694 0.547902 -0.169454
0.628583 0.308178 -0.0285776
0.485275 0.418007 0.31126
0.0704209 0.535748 0.136955
0.309823 -0.683627 0.180192
-0.374785 -0.289044 0.443378
-0.766257 0.268125 0.248904
-0.186934 0.0907129 0.891026
-0.472588 -0.0706475 -0.487897
-0.86469 0.248933 -0.184181
0.134659 0.589566 0.0923052
-0.372279 0.083528 0.790066
-0.88404 -0.209648 -0.301041
-0.747779 0.307627 0.22238
-0.0600745 0.709164 0.0473971
-0.0836566 -0.832555 -0.254974
0.186888 0.866057 0.0336562
-0.403538 -0.44453 0.793011
-0.241762 -0.733752 -0.0604091
-0.395922 -0.368501 -0.366745
-0.125401 -0.344958 0.0909974
0.423277 0.0672934 0.832575
0.261613 0.262908 -0.100169
-0.403625 -0.21929 -0.679133
-0.392033 -0.547376 -0.359899
-0.15672 0.279825 0.247254
-0.528801 0.650693 0.219174
0.299833 0.140769 0.169557
-0.420164 0.131882 -0.273048
-0.214784 -0.526829 0.0381578
-0.25093 0.332431 -0.826291
0.00308556 -0.940099 -0.108725
-0.515674 -0.673663 0.43529
-0.0226249 0.0285631 -0.963687
0.261259 0.802334 -0.039305
-0.0127039 0.559832 -0.709988
-0.127153 -0.82531 0.332722
-0.155436 0.178468 0.420801
-0.39381 -0.649191 0.480079
-0.097533 0.225881 0.684737
-0.378836 -0.444053 -0.648745
0.0720441 -0.286198 0.0224994
0.138272 -0.190601 0.905293
0.187636 -0.272414 0.0316474
-0.708793 -0.536085 -0.0876812
-0.601532 0.389434 0.510194
0.635218 0.540221 -0.215107
0.0628101 -0.364248 -0.0159798
-0.574302 -0.59382 0.400273
0.183454 0.411133 0.457882
-0.31209 0.0062832 -0.489594
-0.115992 0.599509 0.778197
-0.660661 0.572931 -0.111993
-0.411897 -0.340851 -0.285281
-0.876334 -0.255838 -0.263844
0.815217 0.099748 0.101889
-0.481227 -0.16593 0.212863
0.257954 0.509573 0.145256
0.760439 0.0540645 -0.0998045
0.348481 0.588151 0.223551
-0.270166 0.542691 0.504162
0.362831 -0.711279 0.434046
0.66428 0.248595 0.619084
0.690355 -0.615029 0.10976
-0.662429 0.197303 0.090896
0.84126 0.0309305 -0.346891
-0.0929585 -0.426044 0.470369
-0.350955 -0.23774 -0.704124
0.470763 0.611068 -0.0997132
0.27368 -0.0257403 -0.604312
-0.319353 0.0194679 -0.356461
0.573003 0.32662 -0.521941
0.467768 0.21329 0.141945
-0.106563 0.375114 -0.66159
0.421782 0.361431 -0.470389
0.773222 0.099328 -0.453283
-0.140224 -0.309328 -0.792316
-0.0251463 0.817911 0.215868
-0.410529 0.0417234 0.588403
0.729995 -0.221427 0.612854
-0.261115 0.156253 -0.277681
-0.0525873 -0.307586 -0.189896
0.309581 0.514124 -0.177433
-0.156548 -0.0117881 -0.822508
0.143238 0.392668 0.815097
-0.495756 0.0817662 -0.311425
-0.103887 0.6591 0.194178
0.161187 0.332565 -0.416328
0.0541739 0.384265 -0.447357
0.802466 -0.0466031 -0.564569
0.993479 0.0276851 -0.0188692
0.0440828 0.288553 0.695017
0.670484 -0.21499 -0.669228
0.0505889 -0.544813 0.772607
-0.455144 0.853518 0.131262
-0.455908 0.338276 0.517517
0.190804 0.652033 0.703188
-0.357109 0.837158 -0.280881
-0.178383 0.0134589 0.400823
-0.855405 0.202537 0.205794
0.111681 -0.0765206 -0.822417
0.180321 0.540337 -0.55616
-0.360898 -0.718833 -0.190029
0.0884595 -0.852632 0.399715
0.738862 -0.365274 -0.455308
0.430229 -0.695636 -0.132598
0.197053 0.549143 -0.502575
0.308316 0.312268 0.798791
0.578828 0.131036 0.447498
0.256839 -0.446809 -0.668014
0.143255 0.00844065 -0.0154548
0.376856 -0.0384015 -0.488391
-0.626373 0.310007 0.603516
-0.267175 0.873315 -0.00674411
-0.3172 -0.452187 0.790675
0.541624 0.333277 0.136796
-0.441715 -0.262086 0.313806
0.291297 0.624047 -0.551172
-0.238087 -0.654557 0.40081
0.0943311 0.787744 0.59549
0.0442005 -0.257631 -0.642045
0.472755 0.136091 -0.151634
-0.724261 -0.214501 -0.256617
0.369056 0.0299899 -0.789533
0.76694 0.0233661 0.574177
-0.554119 -0.569529 -0.274186
0.484135 0.320332 0.0810686
0.876816 -0.0139069 -0.307137
0.0983936 0.820217 0.171131
0.601509 0.29374 -0.39031
0.532801 -0.142617 -0.199322
-0.581535 0.173664 -0.449576
0.553094 0.190544 0.719486
-0.797176 0.187256 0.569053
-0.456733 -0.316348 0.317457
-0.126113 0.446864 0.424965
0.150796 -0.815181 -0.485445
0.102302 -0.665691 0.429497
0.0620818 -0.323311 0.338541
0.274116 -0.17658 0.843639
0.459375 0.615069 0.0433668
0.163354 0.0881505 -0.552996
0.748896 0.203298 0.116022
0.150714 0.55368 0.43779
-0.142987 -0.80933 -0.187519
0.382704 -0.264879 -0.222048
0.363972 0.661577 0.570801
-0.103181 -0.0216337 0.377986
0.232575 -0.153413 -0.102072
0.537784 0.15517 -0.60815
0.0560139 -0.443439 -0.15658
0.15515 -0.177583 0.0136127
-0.484335 0.109694 0.634185
-0.0839706 0.734554 -0.414955
0.0249265 0.422535 0.853799
0.826921 -0.108139 -0.370757
0.268196 -0.218802 -0.373266
-0.029225 -0.254962 -0.628276
-0.43536 0.344971 0.187021
0.76881 0.415491 -0.255119
-0.0243014 0.437812 -0.415497
0.458834 0.521307 -0.0640619
0.201558 -0.38043 0.882295
0.115407 0.506104 0.31191
0.0905259 0.11325 0.821991
0.522723 0.00466944 0.0546441
-0.562769 0.526475 -0.33861
-0.525852 -0.123296 -0.0288991
-0.874607 0.0583907 -0.192063
0.23348 -0.826198 0.116254
-0.231016 0.538457 -0.596721
0.335339 -0.723118 -0.600905
0.386948 -0.14755 -0.603337
0.0773944 0.612558 0.438659
-0.682431 0.540605 0.331807
-0.166294 -0.0532063 0.537934
-0.567503 0.746986 -0.00959658
-0.390849 -0.432438 0.0195022
0.687275 -0.00676403 -0.415426
-0.366586 -0.441018 -0.0762264
0.00356071 -0.373044 0.579486
-0.474287 -0.335343 -0.135674
0.1391 0.770654 -0.131187
0.0669341 0.760559 0.0582357
-0.548582 -0.533854 -0.246929
-0.58771 0.806395 -0.00468046
-0.00381742 -0.295108 -0.154765
-0.860433 0.0233842 0.0851707
-0.328858 0.545711 0.213498
0.387512 0.905815 0.0852582
0.0838872 0.76859 0.0498732
0.003196 0.50206 0.340869
0.188536 -0.277348 0.310407
0.466987 0.358451 0.788727
-0.0559581 -0.221481 -0.242329
-0.0602127 -0.240335 -0.302694
0.792271 0.0830981 -0.0977816
-0.171686 0.833453 0.301865
0.492587 -0.714475 -0.0404087
0.134769 0.0489699 0.308495
0.330087 -0.780807 -0.131599
-0.596987 0.581819 0.019306
-0.753157 -0.104062 0.60731
-0.0254216 0.806728 0.131951
0.63245 0.24195 0.567399
0.167486 -0.334166 0.00875207
0.353752 -0.348463 0.856172
-0.132158 0.569003 0.750082
0.64119 0.166111 -0.16669
0.143657 0.0692025 -0.923395
-0.199257 0.884873 -0.388554
-0.14416 -0.267936 0.254402
0.0226865 -0.862053 -0.0988731
-0.561473 0.350505 0.556103
0.318652 0.681331 0.217935
0.836421 0.231661 -0.39132
0.215172 0.216961 -0.511146
0.259242 0.150187 -0.542148
0.514521 -0.641935 0.184844
-0.311854 -0.253145 -0.713506
0.0852528 -0.0498932 0.06101
-0.172867 0.174748 -0.432902
-0.729802 0.483937 0.088393
-0.632938 0.204402 -0.107811
0.157971 -0.26149 -0.94124
0.194546 -0.172519 -0.199233
0.217043 -0.845278 0.455146
-0.437391 0.299647 -0.0940066
-0.142529 0.0234448 -0.228981
-0.31754 -0.65978 -0.101042
-0.673675 -0.421412 -0.0323275
0.447889 0.461303 -0.0385664
-0.0135714 -0.166506 -0.314109
0.63417 -0.626078 -0.0526638
-0.858768 -0.24337 0.316653
-0.550673 -0.397618 0.112075
0.567769 0.579579 0.323809
0.0954015 0.601969 0.0137372
-0.337222 0.243216 0.119562
0.230562 0.0987346 0.227032
0.602309 0.705229 -0.325454
-0.345127 0.230814 0.810397
-0.376209 -0.0394969 0.391986
0.908032 -0.219006 0.00584604
0.428211 -0.711776 -0.271796
0.596779 0.156193 0.691839
0.156673 0.704532 0.489988
0.762801 -0.448229 0.0575442
0.459932 -0.805297 0.227897
-0.47443 -0.15564 0.173074
-0.959511 -0.143772 -0.192412
-0.0798475 -0.562021 -0.0263256
-0.375465 0.702365 0.33155
-0.202776 -0.45776 -0.853003
0.506571 -0.552577 -0.170755
-0.5722 -0.584703 0.142962
0.313196 -0.940316 0.0741559
-0.690457 0.222795 0.589367
-0.229215 -0.374448 -0.862544
-0.0941435 0.347295 0.0870159
0.3502 0.257372 -0.815457
0.25264 -0.489956 0.517715
0.362077 -0.147066 0.0330584
-0.331074 0.0883626 0.371997
-0.191387 0.560427 -0.289445
-0.258154 -0.737691 -0.264021
0.552201 0.270692 0.0228905
0.931189 -0.280056 0.0409941
-0.563015 -0.287565 -0.287101
0.483093 0.519242 0.189529
0.00392089 0.246351 0.827771
0.436481 -0.675243 0.0810007
0.321934 -0.424749 -0.061434
-0.779261 0.617637 0.10221
0.751738 0.110643 0.41228
0.670024 0.300593 -0.0591177
-0.110913 0.222266 -0.735586
0.19709 0.423833 -0.675023
-0.123135 -0.327502 0.278209
-0.48745 -0.538461 -0.633044
-0.574385 0.519493 -0.318316
-0.455272 -0.498624 0.0813839
-0.93777 0.0321625 0.101919
-0.166115 -0.732072 0.190445
0.477051 -0.7518 -0.0938209
0.0681998 0.463702 -0.670874
0.793444 -0.0594061 -0.0479388
0.377738 -0.594447 0.606667
-0.216303 -0.437937 0.623088
0.20791 0.0915207 0.852758
0.196373 -0.895614 0.110559
0.532913 -0.692617 -0.121878
-0.0882372 0.403162 -0.326098
-0.396714 -0.464233 -0.632879
0.0327387 0.119509 0.665089
-0.149029 -0.833813 -0.216675
0.633442 0.302762 -0.364088
0.586453 0.0548848 0.797607
0.875903 0.459483 0.127342
0.496762 0.166476 -0.185678
-0.285649 0.154319 0.113983
0.823167 -0.28966 0.311738
-0.639454 -0.0201109 0.540706
-0.43473 0.179627 -0.290061
-0.499126 -0.285961 0.597152
0.519132 0.1466 -0.299531
0.647163 -0.674562 -0.315255
0.636946 -0.453173 0.0354755
-0.158635 0.727915 0.467646
0.896121 -0.0055743 0.365376
0.323749 0.319211 0.0672899
-0.76527 0.124189 0.189081
0.203188 -0.382858 0.266999
0.220489 0.282891 0.0796093
0.254255 -0.206483 0.24268
0.324054 -0.447835 0.605175
0.186035 -0.109646 -0.487926
-0.154635 -0.344329 -0.579219
-0.116335 -0.775518 -0.466817
0.0194369 -0.18157 0.555615
0.454083 0.811824 -0.169331
-0.639145 0.0312745 0.717215
-0.00630646 -0.415883 -0.868595
0.280132 -0.406452 -0.168369
-0.59453 -0.273585 0.109145
-0.454239 -0.564561 0.453034
0.382902 -0.733514 -0.0320749
0.217208 -0.65231 -0.397791
0.538709 0.00895845 -0.18305
-0.183196 0.503824 0.310714
-0.219133 -0.00244008 -0.0871003
0.468362 0.527926 -0.614202
0.758149 -0.373534 -0.047859
0.269992 0.397841 0.486066
0.292282 -0.111901 0.525607
-0.592936 0.535481 -0.185035
0.425227 0.352756 0.504365
-0.764437 -0.542278 0.148668
-0.533354 0.150206 -0.78824
0.825051 0.0756891 -0.0800403
-0.0328991 -0.0409017 0.057536
-0.468158 -0.251404 -0.233397
0.459688 -0.282687 -0.767994
0.0935733 0.805332 0.0715703
0.206677 0.540784 0.225179
0.723397 -0.115568 0.204663
0.67552 -0.0222379 -0.474365
-0.57947 0.469007 -0.0117242
0.235748 -0.368512 0.660361
0.86617 0.0185621 -0.051722
0.2648 0.866056 0.305361
-0.00461607 0.844905 0.201671
0.4517 -0.0894172 0.819382
0.820171 0.093398 -0.234206
0.5023 0.0881659 -0.353446
0.144153 -0.708328 -0.453077
0.845236 -0.34182 -0.144008
0.216874 0.378355 0.856492
0.800566 -0.212586 0.425719
-0.45432 0.606424 0.534565
-0.358855 -0.795449 -0.297244
-0.0764773 0.482317 -0.469104
-0.37275 0.55876 0.631021
0.964785 0.130536 0.182512
-0.34055 -0.272846 -0.213987
0.155928 -0.755042 -0.522945
0.128631 0.339844 0.825622
-0.671301 0.640511 -0.359424
0.427193 0.266811 0.156981
-0.12273 -0.210374 0.532263
-0.405043 0.390105 0.499217
0.149114 0.605016 -0.21278
-0.673971 -0.106922 0.127756
0.163037 -0.103375 -0.32355
-0.395408 0.118256 -0.271912
-0.767565 -0.531052 -0.0318844
0.850519 -0.520122 0.00779393
0.144529 -0.6301 0.110521
0.218685 -0.41981 0.263217
0.615309 -0.0828042 0.636511
0.0149052 0.459661 0.0611083
-0.155423 0.102814 -0.274635
-0.47219 0.370902 0.742449
0.43038 -0.259779 -0.547175
0.101024 0.325092 -0.0335621
-0.931577 -0.07709 -0.110619
-0.0942881 0.946858 -0.241844
0.105472 -0.588587 -0.63514
0.585294 0.579689 0.110494
-0.183147 -0.426002 0.32449
0.578154 -0.130098 0.490914
-0.0887423 0.446354 0.815194
0.550514 0.0340116 -0.815657
-0.213271 0.960916 -0.100363
-0.646469 0.194756 -0.193943
-0.123948 0.499629 -0.135319
0.185619 -0.500438 -0.510134
0.55812 -0.671576 0.163425
0.0648227 -0.588536 -0.680202
-0.20711 -0.288479 -0.823389
-0.544533 0.55955 -0.0187791
-0.0234636 0.615276 -0.371522
-0.309636 -0.937175 -0.0208623
0.193472 -0.42953 0.502787
0.196646 -0.770902 -0.325185
-0.586966 0.0226532 -0.0600204
0.129603 -0.61368 0.599689
-0.314148 -0.831091 -0.195668
-0.380831 -0.533379 0.562731
0.436086 0.264855 0.652741
-0.0626556 0.443037 0.690712
0.631236 -0.205876 -0.669296
0.516596 -0.627308 0.386336
0.13751 -0.331371 -0.887975
-0.0248185 -0.126542 -0.697644
0.296968 0.244556 0.00223297
-0.483282 -0.177011 0.595326
-0.177067 0.367594 0.0885075
0.0284812 0.47958 0.344228
-0.0920006 -0.472955 -0.593037
0.155861 -0.177984 0.909016
0.203302 0.63407 0.631288
-0.350175 0.358921 -0.834139
0.659706 -0.0186952 -0.618499
-0.206598 -0.626197 0.584455
-0.288664 0.622657 -0.579694
0.853973 0.50377 0.0387167
0.0673648 0.566066 -0.346664
0.709768 -0.0598708 0.700854
-0.232612 -0.29584 0.454703
-0.187846 0.12865 0.770656
0.295545 -0.104346 -0.26006
0.102129 0.654246 0.677316
-0.441354 0.430188 0.302978
0.159155 -0.293541 -0.0288631
0.799497 -0.168984 0.221247
-0.416063 0.873191 -0.0797753
-0.307439 -0.612623 0.116399
-0.407507 0.22938 -0.035217
-0.728631 -0.421269 0.243542
-0.245742 -0.138054 -0.482217
-0.441598 0.0122377 0.781846
0.385042 -0.563524 0.524386
-0.321047 0.313096 0.581862
-0.302547 -0.43328 -0.729937
0.38101 -0.248385 -0.23909
-0.0646256 -0.322625 -0.548508
0.0887238 0.54588 0.333416
0.0330698 0.976808 -0.110766
-0.132527 -0.151911 -0.384415
0.293287 -0.270556 -0.00694527
0.447256 0.874306 0.0907303
-0.0204708 -0.386414 0.763392
-0.497108 -0.266269 0.795424
0.545219 -0.301998 0.0678101
0.0511821 -0.485479 -0.731693
-0.163787 0.695649 0.356861
0.141758 -0.607472 0.69118
-0.113818 0.0641364 -0.743673
-0.420259 -0.603333 -0.603073
-0.497974 -0.0489829 0.652813
-0.182891 0.522291 0.796956
0.139868 -0.222412 0.297884
-0.556956 0.321711 0.0413758
-0.0484349 -0.221429 0.66862
-0.668188 0.0777733 0.0512439
-0.628698 0.611735 -0.344626
0.515935 0.429917 -0.620618
-0.631408 0.585476 0.415771
-0.487179 -0.50824 0.354898
-0.454674 0.275634 -0.046656
-0.674353 0.335296 -0.0117775
0.348087 0.347471 -0.0342125
0.938642 0.0199499 -0.288406
0.142368 0.310487 0.540956
-0.750792 0.155388 0.589642
-0.0597713 -0.169666 -0.363521
0.0162687 -0.90764 -0.367903
-0.151865 0.643687 -0.391803
0.561133 -0.198261 -0.0645592
-0.0315261 0.527337 0.738214
0.433446 -0.626162 -0.0916034
-0.309203 -0.565531 -0.641453
-0.321909 -0.326645 -0.586353
-0.0772363 0.363565 0.470525
0.670595 -0.353936 0.122478
-0.90638 0.306197 -0.0794897
0.160632 -0.0227573 -0.719918
0.135677 0.545352 -0.369171
-0.55406 -0.312835 0.00306879
-0.377926 -0.0188786 0.612209
-0.222871 -0.173012 -0.201515
0.107812 -0.324059 0.626064
0.564104 0.114961 -0.27555
-0.0493309 -0.657983 -0.184387
-0.158113 -0.6482 0.065427
0.214574 0.825313 -0.421529
0.84827 0.226954 0.0103089
0.426832 -0.343484 0.554591
-0.712942 0.19337 0.305162
0.103262 0.685053 -0.436054
0.28573 -0.242792 0.450058
0.585046 -0.38224 -0.0907643
-0.245535 0.239488 -0.782485
-0.611687 -0.0388071 -0.753255
0.290901 0.0539175 -0.0373996
0.785216 -0.014877 0.116427
-0.157795 0.327466 -0.514537
-0.0299334 0.214608 0.0762484
-0.361808 -0.627889 -0.0105621
-0.195279 -0.305933 0.899204
0.18466 -0.0206199 -0.594162
-0.867804 -0.131042 -0.18778
-0.276349 0.492583 0.199016
0.229744 -0.5269 -0.59201
-0.377358 -0.749295 -0.0190609
0.242764 -0.306109 -0.070517
0.639794 0.0653807 -0.636094
-0.428135 0.658771 -0.381405
-0.141528 -0.425036 0.163182
0.288895 0.399912 0.533039
-0.22625 -0.547276 0.701542
-0.235479 -0.0489268 -0.450838
-0.398493 -0.000415934 0.18509
-0.485777 -0.224596 0.421925
-0.368524 0.473669 -0.599971
0.460588 0.367074 0.403881
-0.40002 0.501832 0.478324
-0.10058 -0.277252 -0.523908
-0.4684 0.165954 0.508042
-0.638744 0.428257 0.0650581
-0.504264 -0.0821469 -0.00678579
-0.413126 0.319619 -0.713522
0.150213 0.327862 0.205472
0.138759 -0.861644 -0.135791
-0.825825 -0.220757 0.241704
-0.219814 0.0886445 0.74369
-0.540213 0.176221 -0.379992
-0.263639 -0.241226 0.209966
-0.701054 -0.143552 0.61485
0.103222 -0.69862 -0.164263
-0.328444 0.442036 0.311663
-0.147583 -0.448193 0.707665
-0.430457 -0.541614 -0.0345353
-0.482247 0.38629 0.668783
-0.932872 -0.3515 -0.0542204
0.459639 -0.185372 0.00530061
-0.147163 -0.0573064 -0.721374
-0.125274 0.282724 0.291872
0.839115 0.26179 -0.362451
0.459168 0.014687 0.213875
0.980453 0.103112 0.00164714
-0.66325 -0.121901 -0.528725
0.132619 -0.970988 -0.113981
-0.594223 -0.282812 -0.380363
0.319482 -0.295754 0.0592004
0.510703 -0.146723 -0.661312
0.096582 0.656031 -0.389912
-0.0321994 0.772566 -0.52812
0.178625 0.0125735 -0.385471
-0.105996 0.331398 -0.559062
0.729109 -0.28812 0.108768
0.321039 -0.349305 0.109255
0.212473 0.525345 -0.576433
-0.835756 0.426128 -0.285107
0.204889 -0.429135 -0.248222
-0.418115 0.170898 -0.540349
0.419201 0.0888536 0.186839
0.540121 0.297368 -0.724382
0.256431 0.675609 -0.509522
0.304648 0.817177 0.181391
0.219649 0.583172 -0.472771
0.659977 -0.607882 0.0764814
-0.462477 -0.516043 -0.0940306
0.679708 -0.157419 0.469003
-0.50061 0.326178 -0.416666
0.53469 -0.578 -0.190788
0.201266 0.741879 0.284502
0.4163 0.683289 -0.463993
-0.641745 0.264094 0.135039
-0.303761 0.0846774 -0.357418
-0.0155259 0.730767 -0.247868
-0.766946 0.186461 0.522009
0.222088 0.908342 0.277107
0.0889301 -0.455218 0.223687
-0.0700932 -0.172564 0.283592
-0.660946 0.165519 -0.323196
0.753806 -0.54402 0.0180144
-0.338813 -0.134352 0.761501
0.226831 0.0366702 0.915865
-0.352212 -0.351645 -0.666877
-0.146366 0.275121 -0.560899
0.000697422 0.013758 -0.793063
0.49039 0.343473 0.163837
-0.0927251 -0.666986 -0.244998
-0.0519395 -0.386297 -0.74423
-0.212137 0.556407 0.288109
0.888033 -0.139527 -0.254583
0.581321 -0.105695 0.386383
-0.622098 -0.131931 -0.67284
0.361876 -0.514344 0.663456
0.275681 -0.148605 0.471845
-0.704219 0.6379 0.0360611
0.108927 -0.420086 0.776082
-0.0377542 -0.671081 0.527314
0.037132 -0.345193 -0.919827
0.766829 0.137125 -0.0445653
0.194293 0.077948 -0.465278
-0.239576 0.0955366 0.454917
0.420116 0.605585 0.466427
-0.387309 -0.393304 0.196799
-0.772192 -0.185761 -0.0631406
-0.22155 0.1562 0.200843
0.198632 -0.39761 0.388253
-0.851446 0.150289 0.0828169
0.205192 -0.620248 0.102989
0.035598 0.281094 -0.213121
0.669487 0.459488 -0.236448
-0.21127 -0.00935595 -0.929488
-0.263669 0.205041 -0.336386
0.182812 -0.276586 -0.773906
-0.210124 0.156779 -0.598392
0.458476 -0.141821 0.0855768
0.0147868 -0.680612 -0.256495
0.574594 -0.665181 0.165363
-0.0030185 -0.529141 -0.37447
0.51987 0.506514 0.683794
-0.259746 0.305309 -0.104334
-0.187047 0.452256 0.409637
0.30191 0.370202 -0.753755
-0.0474385 -0.658146 0.363517
-0.423391 0.327634 0.815397
-0.823737 -0.192832 -0.415714
-0.276292 -0.509534 0.42535
-0.0341107 -0.366257 0.172691
-0.268164 0.945448 -0.18296
-0.0682074 -0.433833 -0.827147
-0.288358 0.657816 -0.347921
0.338748 0.329418 -0.574005
0.326939 0.231403 0.236227
0.152181 -0.874829 0.372321
0.345022 -0.047803 -0.319904
0.439966 0.0122563 -0.841937
-0.210884 -0.301177 -0.754553
0.51076 -0.661111 -0.144687
0.842782 -0.0815085 0.103384
-0.563535 -0.0430595 0.573094
-0.663416 -0.000524695 0.219324
0.336909 -0.43193 -0.820341
-0.266621 -0.41746 0.0430125
-0.0127301 -0.176758 -0.423638
-0.509696 -0.712 0.157882
-0.81566 -0.131662 -0.551903
0.0151486 0.106974 0.272639
-0.289969 0.0918293 -0.930742
0.460641 -0.71198 0.0768501
0.0650963 0.857424 -0.100206
0.0602164 0.0326944 -0.784083
0.750192 0.310079 -0.281063
0.234791 0.597707 -0.0822109
0.500532 0.601812 0.392468
-0.859921 0.016643 0.025143
-0.422742 0.370624 0.48362
0.0885291 0.160905 -0.702468
0.179519 -0.017718 0.655625
-0.350139 -0.0948665 0.235516
0.0283132 -0.144947 0.540054
-0.195047 -0.717104 -0.297737
-0.0264068 0.325234 0.844808
0.0982721 0.71967 -0.48614
-0.359002 -0.742618 0.207053
-0.0622422 -0.348047 0.101015
0.00102983 0.67714 -0.0301293
0.533752 0.394652 0.700732
-0.460495 0.562025 -0.263102
0.277901 -0.00918104 0.100061
-0.148745 -0.846872 -0.480046
0.182857 0.120214 0.51543
0.354489 0.197841 0.505508
-0.219983 0.182971 0.0497037
0.817834 0.485046 0.179049
0.54623 -0.311986 -0.355737
-0.935423 0.207989 -0.0430174
-0.17089 0.281533 0.597617
0.194165 -0.0368259 -0.557722
0.692593 0.21466 -0.0117937
0.6863 -0.0856616 0.5785
0.0231327 -0.145901 -0.809456
-0.778489 0.428719 0.0799143
0.18946 0.907109 -0.328735
-0.277068 0.0126775 0.115688
-0.192083 -0.265352 -0.897108
0.0977136 0.496489 0.16528
-0.173559 -0.139646 -0.801414
0.610085 0.219307 0.105947
0.552673 0.50482 0.542629
0.11811 -0.476601 0.638035
-0.15724 0.395545 0.327513
-0.5778 0.499761 -0.024844
0.274773 -0.865406 0.218319
0.257252 0.202731 0.307437
0.439615 -0.0992349 0.0586906
0.642819 -0.662501 0.0539546
0.347837 0.110379 0.576374
0.758301 0.310391 -0.384401
0.613065 -0.169379 0.32671
0.458908 0.326978 -0.36917
0.163895 -0.686194 -0.55785
-0.775395 -0.137164 0.589172
0.429337 0.365818 -0.701505
0.10779 0.127452 -0.418352
-0.0748451 -0.739028 0.269799
0.425643 0.853594 -0.0877639
-0.538715 0.442805 -0.0555389
0.195948 -0.162235 0.0731192
-0.452757 -0.131613 0.58069
0.185166 -0.795527 0.541457
-0.434626 0.421171 -0.170524
-0.502308 0.699035 -0.095643
-0.517788 -0.720642 -0.335577
0.125875 -0.22843 -0.26678
0.398231 -0.0310724 -0.892197
-0.30678 -0.107489 0.624991
-0.0622272 0.723529 -0.233777
-0.876171 -0.0796129 -0.385712
0.243034 0.33538 -0.518392
-0.347902 -0.511468 0.105353
-0.235845 0.181339 -0.477525
0.362673 0.432647 0.452422
-0.144744 -0.216979 -0.413331
-0.516541 -0.209206 0.182668
0.802801 0.158024 0.435078
0.130504 0.266189 -0.0413817
0.711107 -0.608323 -0.0601838
0.148847 -0.0127709 0.374332
-0.144772 -0.907653 -0.0130892
0.0315603 -0.189905 0.56954
-0.216121 -0.367997 -0.435214
0.131786 -0.0297496 -0.266211
-0.496086 0.0905226 -0.269478
0.214875 0.0179589 0.742799
-0.469827 -0.486106 -0.348879
-0.0527292 -0.685132 0.512299
-0.0115691 -0.192901 0.190835
0.587268 -0.412492 0.452271
-0.826883 0.0319066 -0.105104
0.0236635 0.728164 -0.42187
0.420444 -0.249282 0.364734
-0.351148 -0.173728 -0.764172
0.339393 0.0187725 0.0245258
0.194984 0.0577603 0.727274
0.502606 0.361267 0.305743
0.455331 -0.699259 0.367563
-0.232938 -0.576349 0.378621
-0.028045 0.149028 -0.593674
0.299197 -0.151982 -0.531513
0.160433 -0.18267 0.831383
0.0894887 -0.455028 -0.21485
-0.390188 -0.685824 -0.00319639
-0.787034 -0.118427 -0.212275
0.467116 -0.041055 0.809169
-0.108145 0.186662 -0.705341
-0.787019 0.481504 0.383354
-0.436089 0.35944 0.185167
-0.106723 -0.407835 0.0952132
0.307864 0.0302124 -0.529607
-0.093591 -0.150422 0.759794
0.466195 -0.684763 -0.0186346
-0.640542 0.0767254 -0.0704948
-0.277811 -0.105768 0.427709
0.134165 -0.829669 0.220635
0.705925 -0.162888 0.0938556
-0.741571 0.409848 -0.00581357
-0.615206 0.402252 -0.0524596
0.233286 0.652274 -0.366463
0.537223 0.0774756 0.0832568
0.743216 0.387203 0.00229221
0.566609 -0.0164671 -0.367923
0.32388 -0.494045 -0.233001
-0.564218 -0.488147 -0.258373
-0.301407 0.505618 -0.733705
-0.0569646 -0.293084 0.709164
0.801819 -0.294942 -0.422519
0.474685 -0.606117 -0.428123
0.303341 0.531602 0.145049
0.102427 -0.648841 0.414551
0.100792 0.0619975 0.275161
0.324138 -0.676568 0.00183191
0.115133 -0.86013 0.195958
-0.196769 0.826377 -0.477784
0.371257 -0.15771 -0.733191
-0.229352 0.227223 0.484871
0.649267 0.345325 0.460775
0.175846 0.466453 -0.667836
0.395468 0.350738 -0.157265
-0.24458 0.341507 0.363672
-0.280131 -0.182697 -0.309545
-0.105441 -0.229058 0.127456
0.325791 -0.413328 -0.629532
0.349509 0.495642 -0.76034
-0.200995 -0.0880827 -0.375578
-0.217854 -0.791968 0.515161
-0.288613 -0.586273 -0.641789
-0.101098 0.0326728 -0.484287
-0.502519 0.115255 0.849935
0.546761 0.162841 0.100817
-0.179628 0.59828 0.155509
-0.279742 0.395223 0.811916
0.16705 0.433157 -0.234813
0.79871 -0.458055 0.371204
-0.0344648 -0.709054 -0.236531
0.156914 0.092454 0.17526
-0.247861 -0.112876 0.620015
0.680876 0.313631 0.424406
0.640566 -0.697673 -0.271801
0.301431 0.282277 0.556602
0.76831 0.179176 -0.0555842
0.0184835 -0.600001 -0.0166871
-0.062831 -0.265109 -0.698553
0.570305 0.781144 -0.140549
0.207049 -0.753861 0.354203
-0.218735 -0.246798 -0.477273
0.160264 -0.34466 -0.595565
0.460043 -0.513121 -0.626391
-0.264091 0.527392 -0.0584273
-0.820953 -0.137763 -0.423628
-0.628601 -0.10465 -0.218333
-0.0189549 -0.357952 0.0738113
-0.208909 -0.712765 -0.475624
-0.328128 -0.251056 0.173618
-0.167572 0.101569 -0.333063
-0.693803 -0.273882 0.167795
0.689342 0.573274 -0.204772
0.363011 0.463347 0.287409
-0.82432 0.0128921 0.445036
0.504014 0.107625 -0.6081
0.446329 0.428636 0.407194
0.450736 -0.58809 0.553961
0.27801 0.176515 -0.219852
-0.320686 0.718276 0.586869
-0.240878 0.492384 0.0632998
0.526517 0.021496 -0.203061
-0.337258 -0.329091 -0.757416
