-5 0.260883
-4.9 0.168468
-4.8 0.0733019
-4.7 -0.023481
-4.6 -0.120756
-4.5 -0.217419
-4.4 -0.312392
-4.3 -0.404631
-4.2 -0.493139
-4.1 -0.576967
-4 -0.655224
-3.9 -0.727087
-3.8 -0.791802
-3.7 -0.848697
-3.6 -0.897181
-3.5 -0.936752
-3.4 -0.967002
-3.3 -0.987619
-3.2 -0.998388
-3.1 -0.999197
-3 -0.990033
-2.9 -0.970984
-2.8 -0.942239
-2.7 -0.904082
-2.6 -0.856895
-2.5 -0.801147
-2.4 -0.737396
-2.3 -0.666277
-2.2 -0.588502
-2.1 -0.504846
-2 -0.416147
-1.9 -0.32329
-1.8 -0.227202
-1.7 -0.128845
-1.6 -0.0291995
-1.5 0.0707372
-1.4 0.169967
-1.3 0.267499
-1.2 0.362358
-1.1 0.453596
-1 0.540302
-0.9 0.62161
-0.8 0.696707
-0.7 0.764842
-0.6 0.825336
-0.5 0.877583
-0.4 0.921061
-0.3 0.955336
-0.2 0.980067
-0.1 0.995004
-1.02696e-15 1
0.1 0.995004
0.2 0.980067
0.3 0.955336
0.4 0.921061
0.5 0.877583
0.6 0.825336
0.7 0.764842
0.8 0.696707
0.9 0.62161
1 0.540302
1.1 0.453596
1.2 0.362358
1.3 0.267499
1.4 0.169967
1.5 0.0707372
1.6 -0.0291995
1.7 -0.128845
1.8 -0.227202
1.9 -0.32329
2 -0.416147
2.1 -0.504846
2.2 -0.588502
2.3 -0.666277
2.4 -0.737396
2.5 -0.801147
2.6 -0.856895
2.7 -0.904082
2.8 -0.942239
2.9 -0.970984
3 -0.990033
3.1 -0.999197
3.2 -0.998388
3.3 -0.987619
3.4 -0.967002
3.5 -0.936752
3.6 -0.897181
3.7 -0.848697
3.8 -0.791802
3.9 -0.727087
4 -0.655224
4.1 -0.576967
4.2 -0.493139
4.3 -0.404631
4.4 -0.312392
4.5 -0.217419
4.6 -0.120756
4.7 -0.023481
4.8 0.0733019
4.9 0.168468
5 0.260883
