1, 0
1, 0.02
0.9996, 0.04
0.9988, 0.06
0.997601, 0.08
0.996003, 0.1
0.994006, 0.12
0.991612, 0.14
0.988821, 0.16
0.985635, 0.18
0.982054, 0.2
0.978081, 0.22
0.973717, 0.24
0.968963, 0.26
0.963822, 0.28
0.958295, 0.3
0.952385, 0.32
0.946094, 0.34
0.939424, 0.36
0.932379, 0.38
0.924961, 0.4
0.917173, 0.42
0.909018, 0.44
0.9005, 0.46
0.891621, 0.48
0.882386, 0.5
0.872799, 0.52
0.862862, 0.54
0.85258, 0.56
0.841957, 0.58
0.830997, 0.6
0.819705, 0.62
0.808085, 0.64
0.796142, 0.66
0.78388, 0.68
0.771305, 0.7
0.758422, 0.72
0.745235, 0.74
0.73175, 0.76
0.717972, 0.78
0.703907, 0.8
0.689561, 0.82
0.674939, 0.84
0.660047, 0.86
0.644891, 0.88
0.629477, 0.9
0.613811, 0.92
0.5979, 0.94
0.58175, 0.96
0.565367, 0.98
0.548758, 1
0.53193, 1.02
0.514888, 1.04
0.497641, 1.06
0.480195, 1.08
0.462557, 1.1
0.444733, 1.12
0.426732, 1.14
0.40856, 1.16
0.390225, 1.18
0.371734, 1.2
0.353094, 1.22
0.334313, 1.24
0.315398, 1.26
0.296357, 1.28
0.277198, 1.3
0.257928, 1.32
0.238554, 1.34
0.219085, 1.36
0.199529, 1.38
0.179893, 1.4
0.160184, 1.42
0.140412, 1.44
0.120584, 1.46
0.100707, 1.48
0.0807899, 1.5
0.0608406, 1.52
0.040867, 1.54
0.020877, 1.56
0.000878748, 1.58
-0.0191199, 1.6
-0.0391109, 1.62
-0.0590863, 1.64
-0.079038, 1.66
-0.0989581, 1.68
-0.118839, 1.7
-0.138672, 1.72
-0.158449, 1.74
-0.178163, 1.76
-0.197806, 1.78
-0.21737, 1.8
-0.236847, 1.82
-0.256229, 1.84
-0.275509, 1.86
-0.294678, 1.88
-0.31373, 1.9
-0.332656, 1.92
-0.351449, 1.94
-0.370102, 1.96
-0.388607, 1.98
-0.406956, 2
-0.425142, 2.02
-0.443159, 2.04
-0.460998, 2.06
-0.478652, 2.08
-0.496116, 2.1
-0.513381, 2.12
-0.53044, 2.14
-0.547287, 2.16
-0.563916, 2.18
-0.580319, 2.2
-0.59649, 2.22
-0.612422, 2.24
-0.628109, 2.26
-0.643546, 2.28
-0.658724, 2.3
-0.67364, 2.32
-0.688286, 2.34
-0.702656, 2.36
-0.716746, 2.38
-0.730549, 2.4
-0.74406, 2.42
-0.757273, 2.44
-0.770184, 2.46
-0.782786, 2.48
-0.795075, 2.5
-0.807047, 2.52
-0.818695, 2.54
-0.830016, 2.56
-0.841005, 2.58
-0.851658, 2.6
-0.86197, 2.62
-0.871937, 2.64
-0.881556, 2.66
-0.890822, 2.68
-0.899732, 2.7
-0.908281, 2.72
-0.916468, 2.74
-0.924288, 2.76
-0.931738, 2.78
-0.938816, 2.8
-0.945518, 2.82
-0.951842, 2.84
-0.957786, 2.86
-0.963346, 2.88
-0.968521, 2.9
-0.973309, 2.92
-0.977708, 2.94
-0.981715, 2.96
-0.98533, 2.98
-0.988551, 3
-0.991376, 3.02
-0.993805, 3.04
-0.995837, 3.06
-0.99747, 3.08
-0.998704, 3.1
-0.999539, 3.12
-0.999974, 3.14
-1.00001, 3.16
-0.999644, 3.18
-0.998879, 3.2
-0.997715, 3.22
-0.996152, 3.24
-0.99419, 3.26
-0.991831, 3.28
-0.989075, 3.3
-0.985923, 3.32
-0.982377, 3.34
-0.978439, 3.36
-0.974108, 3.38
-0.969389, 3.4
-0.964281, 3.42
-0.958788, 3.44
-0.952912, 3.46
-0.946654, 3.48
-0.940018, 3.5
-0.933006, 3.52
-0.92562, 3.54
-0.917865, 3.56
-0.909742, 3.58
-0.901256, 3.6
-0.892409, 3.62
-0.883205, 3.64
-0.873648, 3.66
-0.863742, 3.68
-0.85349, 3.7
-0.842897, 3.72
-0.831966, 3.74
-0.820703, 3.76
-0.809112, 3.78
-0.797197, 3.8
-0.784963, 3.82
-0.772416, 3.84
-0.759559, 3.86
-0.746399, 3.88
-0.73294, 3.9
-0.719188, 3.92
-0.705148, 3.94
-0.690827, 3.96
-0.676229, 3.98
-0.66136, 4
-0.646227, 4.02
-0.630836, 4.04
-0.615192, 4.06
-0.599302, 4.08
-0.583173, 4.1
-0.56681, 4.12
-0.55022, 4.14
-0.533411, 4.16
-0.516388, 4.18
-0.499158, 4.2
-0.481729, 4.22
-0.464108, 4.24
-0.4463, 4.26
-0.428315, 4.28
-0.410157, 4.3
-0.391836, 4.32
-0.373358, 4.34
-0.354731, 4.36
-0.335962, 4.38
-0.317059, 4.4
-0.298029, 4.42
-0.278879, 4.44
-0.259618, 4.46
-0.240254, 4.48
-0.220793, 4.5
-0.201244, 4.52
-0.181614, 4.54
-0.161912, 4.56
-0.142145, 4.58
-0.122321, 4.6
-0.102448, 4.62
-0.0825346, 4.64
-0.0625879, 4.66
-0.0426161, 4.68
-0.0226272, 4.7
-0.00262935, 4.72
0.0173696, 4.74
0.0373616, 4.76
0.0573386, 4.78
0.0772927, 4.8
0.0972159, 4.82
0.1171, 4.84
0.136938, 4.86
0.15672, 4.88
0.17644, 4.9
0.19609, 4.92
0.215661, 4.94
0.235146, 4.96
0.254536, 4.98
0.273825, 5
0.293005, 5.02
0.312067, 5.04
0.331004, 5.06
0.349809, 5.08
0.368474, 5.1
0.386992, 5.12
0.405355, 5.14
0.423556, 5.16
0.441588, 5.18
0.459442, 5.2
0.477114, 5.22
0.494594, 5.24
0.511876, 5.26
0.528954, 5.28
0.54582, 5.3
0.562468, 5.32
0.578891, 5.34
0.595083, 5.36
0.611036, 5.38
0.626745, 5.4
0.642204, 5.42
0.657405, 5.44
0.672344, 5.46
0.687013, 5.48
0.701408, 5.5
0.715522, 5.52
0.72935, 5.54
0.742886, 5.56
0.756126, 5.58
0.769063, 5.6
0.781692, 5.62
0.794008, 5.64
0.806007, 5.66
0.817684, 5.68
0.829034, 5.7
0.840052, 5.72
0.850734, 5.74
0.861076, 5.76
0.871074, 5.78
0.880723, 5.8
0.89002, 5.82
0.898961, 5.84
0.907543, 5.86
0.915761, 5.88
0.923613, 5.9
0.931096, 5.92
0.938207, 5.94
0.944942, 5.96
0.951299, 5.98
0.957276, 6
0.96287, 6.02
0.968079, 6.04
0.972901, 6.06
0.977333, 6.08
0.981375, 6.1
0.985024, 6.12
0.988279, 6.14
0.991139, 6.16
0.993602, 6.18
0.995668, 6.2
0.997336, 6.22
0.998605, 6.24
0.999475, 6.26
0.999945, 6.28
1.00001, 6.3
0.999685, 6.32
0.998955, 6.34
0.997826, 6.36
0.996298, 6.38
0.994371, 6.4
0.992046, 6.42
0.989325, 6.44
0.986208, 6.46
0.982697, 6.48
0.978792, 6.5
0.974496, 6.52
0.969811, 6.54
0.964737, 6.56
0.959278, 6.58
0.953435, 6.6
0.947211, 6.62
0.940607, 6.64
0.933628, 6.66
0.926275, 6.68
0.918552, 6.7
0.910461, 6.72
0.902007, 6.74
0.893191, 6.76
0.884018, 6.78
0.874492, 6.8
0.864615, 6.82
0.854393, 6.84
0.84383, 6.86
0.832929, 6.88
0.821694, 6.9
0.810131, 6.92
0.798245, 6.94
0.786038, 6.96
0.773518, 6.98
0.760688, 7
0.747554, 7.02
0.734121, 7.04
0.720394, 7.06
0.70638, 7.08
0.692082, 7.1
0.677508, 7.12
0.662663, 7.14
0.647553, 7.16
0.632184, 7.18
0.616562, 7.2
0.600693, 7.22
0.584585, 7.24
0.568242, 7.26
0.551672, 7.28
0.534882, 7.3
0.517877, 7.32
0.500666, 7.34
0.483254, 7.36
0.465649, 7.38
0.447858, 7.4
0.429887, 7.42
0.411745, 7.44
0.393438, 7.46
0.374973, 7.48
0.356359, 7.5
0.337602, 7.52
0.31871, 7.54
0.299691, 7.56
0.280551, 7.58
0.2613, 7.6
0.241944, 7.62
0.222491, 7.64
0.202949, 7.66
0.183327, 7.68
0.16363, 7.7
0.143869, 7.72
0.124049, 7.74
0.104181, 7.76
0.0842702, 7.78
0.064326, 7.8
0.0443561, 7.82
0.0243684, 7.84
0.00437105, 7.86
-0.0156281, 7.88
-0.035621, 7.9
-0.0555996, 7.92
-0.075556, 7.94
-0.0954822, 7.96
-0.11537, 7.98
-0.135212, 8
-0.155, 8.02
-0.174726, 8.04
-0.194381, 8.06
-0.21396, 8.08
-0.233452, 8.1
-0.252851, 8.12
-0.272149, 8.14
-0.291339, 8.16
-0.310411, 8.18
-0.32936, 8.2
-0.348176, 8.22
-0.366854, 8.24
-0.385385, 8.26
-0.403761, 8.28
-0.421977, 8.3
-0.440023, 8.32
-0.457893, 8.34
-0.475581, 8.36
-0.493078, 8.38
-0.510378, 8.4
-0.527474, 8.42
-0.544358, 8.44
-0.561026, 8.46
-0.577468, 8.48
-0.59368, 8.5
-0.609655, 8.52
-0.625385, 8.54
-0.640866, 8.56
-0.65609, 8.58
-0.671052, 8.6
-0.685745, 8.62
-0.700164, 8.64
-0.714304, 8.66
-0.728157, 8.68
-0.74172, 8.7
-0.754985, 8.72
-0.767949, 8.74
-0.780606, 8.76
-0.79295, 8.78
-0.804978, 8.8
-0.816683, 8.82
-0.828062, 8.84
-0.839109, 8.86
-0.849821, 8.88
-0.860194, 8.9
-0.870222, 8.92
-0.879902, 8.94
-0.88923, 8.96
-0.898202, 8.98
-0.906816, 9
-0.915066, 9.02
-0.922951, 9.04
-0.930467, 9.06
-0.93761, 9.08
-0.944378, 9.1
-0.950769, 9.12
-0.95678, 9.14
-0.962407, 9.16
-0.96765, 9.18
-0.972506, 9.2
-0.976973, 9.22
-0.981049, 9.24
-0.984733, 9.26
-0.988023, 9.28
-0.990918, 9.3
-0.993416, 9.32
-0.995517, 9.34
-0.99722, 9.36
-0.998524, 9.38
-0.999429, 9.4
-0.999934, 9.42
-1.00004, 9.44
-0.999744, 9.46
-0.999049, 9.48
-0.997955, 9.5
-0.996461, 9.52
-0.994569, 9.54
-0.99228, 9.56
-0.989593, 9.58
-0.986511, 9.6
-0.983034, 9.62
-0.979164, 9.64
-0.974902, 9.66
-0.970251, 9.68
-0.965211, 9.7
-0.959785, 9.72
-0.953976, 9.74
-0.947785, 9.76
-0.941215, 9.78
-0.934268, 9.8
-0.926948, 9.82
-0.919257, 9.84
-0.911198, 9.86
-0.902775, 9.88
-0.893991, 9.9
-0.884849, 9.92
-0.875354, 9.94
-0.865508, 9.96
-0.855316, 9.98
-0.844782, 10
-0.833911, 10.02
-0.822705, 10.04
-0.811171, 10.06
-0.799312, 10.08
-0.787134, 10.1
-0.77464, 10.12
-0.761837, 10.14
-0.748729, 10.16
-0.735322, 10.18
-0.721621, 10.2
-0.707631, 10.22
-0.693358, 10.24
-0.678807, 10.26
-0.663986, 10.28
-0.648898, 10.3
-0.633551, 10.32
-0.617951, 10.34
-0.602104, 10.36
-0.586016, 10.38
-0.569693, 10.4
-0.553143, 10.42
-0.536371, 10.44
-0.519385, 10.46
-0.502191, 10.48
-0.484796, 10.5
-0.467207, 10.52
-0.449432, 10.54
-0.431476, 10.56
-0.413348, 10.58
-0.395055, 10.6
-0.376604, 10.62
-0.358002, 10.64
-0.339257, 10.66
-0.320376, 10.68
-0.301367, 10.7
-0.282238, 10.72
-0.262996, 10.74
-0.243648, 10.76
-0.224203, 10.78
-0.204669, 10.8
-0.185052, 10.82
-0.165362, 10.84
-0.145605, 10.86
-0.12579, 10.88
-0.105925, 10.9
-0.0860176, 10.92
-0.0660756, 10.94
-0.0461073, 10.96
-0.0261205, 10.98
-0.00612327, 11
0.0138764, 11.02
0.0338705, 11.04
0.0538511, 11.06
0.0738102, 11.08
0.0937397, 11.1
0.113632, 11.12
0.133478, 11.14
0.153271, 11.16
0.173003, 11.18
0.192666, 11.2
0.212252, 11.22
0.231752, 11.24
0.251161, 11.26
0.270468, 11.28
0.289668, 11.3
0.308751, 11.32
0.327711, 11.34
0.34654, 11.36
0.365231, 11.38
0.383775, 11.4
0.402166, 11.42
0.420396, 11.44
0.438457, 11.46
0.456344, 11.48
0.474048, 11.5
0.491562, 11.52
0.50888, 11.54
0.525994, 11.56
0.542898, 11.58
0.559585, 11.6
0.576048, 11.62
0.592281, 11.64
0.608276, 11.66
0.624029, 11.68
0.639532, 11.7
0.654779, 11.72
0.669764, 11.74
0.684481, 11.76
0.698924, 11.78
0.713088, 11.8
0.726967, 11.82
0.740555, 11.84
0.753847, 11.86
0.766837, 11.88
0.779521, 11.9
0.791893, 11.92
0.803948, 11.94
0.815682, 11.96
0.827089, 11.98
0.838166, 12
0.848907, 12.02
0.859309, 12.04
0.869367, 12.06
0.879078, 12.08
0.888436, 12.1
0.89744, 12.12
0.906085, 12.14
0.914367, 12.16
0.922283, 12.18
0.929831, 12.2
0.937006, 12.22
0.943807, 12.24
0.950231, 12.26
0.956274, 12.28
0.961935, 12.3
0.967212, 12.32
0.972101, 12.34
0.976602, 12.36
0.980712, 12.38
0.98443, 12.4
0.987754, 12.42
0.990684, 12.44
0.993217, 12.46
0.995352, 12.48
0.99709, 12.5
0.998429, 12.52
0.999369, 12.54
0.999908, 12.56
1.00005, 12.58
0.999788, 12.6
0.999129, 12.62
0.998069, 12.64
0.996611, 12.66
0.994753, 12.68
0.992498, 12.7
0.989846, 12.72
0.986798, 12.74
0.983356, 12.76
0.97952, 12.78
0.975292, 12.8
0.970674, 12.82
0.965668, 12.84
0.960276, 12.86
0.9545, 12.88
0.948342, 12.9
0.941805, 12.92
0.934891, 12.94
0.927603, 12.96
0.919944, 12.98
0.911917, 13
0.903525, 13.02
0.894772, 13.04
0.885662, 13.06
0.876197, 13.08
0.866382, 13.1
0.85622, 13.12
0.845715, 13.14
0.834873, 13.16
0.823696, 13.18
0.81219, 13.2
0.800359, 13.22
0.788209, 13.24
0.775743, 13.26
0.762966, 13.28
0.749885, 13.3
0.736503, 13.32
0.722827, 13.34
0.708862, 13.36
0.694613, 13.38
0.680087, 13.4
0.665289, 13.42
0.650224, 13.44
0.634899, 13.46
0.619321, 13.48
0.603495, 13.5
0.587427, 13.52
0.571125, 13.54
0.554594, 13.56
0.537841, 13.58
0.520873, 13.6
0.503697, 13.62
0.486319, 13.64
0.468747, 13.66
0.450987, 13.68
0.433047, 13.7
0.414934, 13.72
0.396654, 13.74
0.378217, 13.76
0.359627, 13.78
0.340894, 13.8
0.322025, 13.82
0.303027, 13.84
0.283908, 13.86
0.264675, 13.88
0.245336, 13.9
0.2259, 13.92
0.206372, 13.94
0.186763, 13.96
0.167078, 13.98
0.147327, 14
0.127517, 14.02
0.107656, 14.04
0.0877518, 14.06
0.0678126, 14.08
0.0478462, 14.1
0.0278607, 14.12
0.00786408, 14.14
-0.0121357, 14.16
-0.0321306, 14.18
-0.0521127, 14.2
-0.072074, 14.22
-0.0920064, 14.24
-0.111902, 14.26
-0.131753, 14.28
-0.151551, 14.3
-0.171289, 14.32
-0.190958, 14.34
-0.21055, 14.36
-0.230059, 14.38
-0.249475, 14.4
-0.268792, 14.42
-0.288001, 14.44
-0.307095, 14.46
-0.326066, 14.48
-0.344907, 14.5
-0.36361, 14.52
-0.382167, 14.54
-0.400572, 14.56
-0.418816, 14.58
-0.436893, 14.6
-0.454795, 14.62
-0.472515, 14.64
-0.490046, 14.66
-0.507381, 14.68
-0.524514, 14.7
-0.541436, 14.72
-0.558142, 14.74
-0.574625, 14.76
-0.590877, 14.78
-0.606894, 14.8
-0.622668, 14.82
-0.638192, 14.84
-0.653462, 14.86
-0.66847, 14.88
-0.683211, 14.9
-0.697679, 14.92
-0.711867, 14.94
-0.725771, 14.96
-0.739385, 14.98
-0.752702, 15
-0.765719, 15.02
-0.77843, 15.04
-0.790829, 15.06
-0.802912, 15.08
-0.814674, 15.1
-0.82611, 15.12
-0.837215, 15.14
-0.847986, 15.16
-0.858417, 15.18
-0.868506, 15.2
-0.878246, 15.22
-0.887636, 15.24
-0.89667, 15.26
-0.905346, 15.28
-0.91366, 15.3
-0.921609, 15.32
-0.929189, 15.34
-0.936397, 15.36
-0.943231, 15.38
-0.949687, 15.4
-0.955764, 15.42
-0.961458, 15.44
-0.966768, 15.46
-0.971691, 15.48
-0.976226, 15.5
-0.98037, 15.52
-0.984122, 15.54
-0.98748, 15.56
-0.990444, 15.58
-0.993011, 15.6
-0.995181, 15.62
-0.996953, 15.64
-0.998326, 15.66
-0.9993, 15.68
-0.999875, 15.7
-1.00005, 15.72
-0.999824, 15.74
-0.999198, 15.76
-0.998173, 15.78
-0.996749, 15.8
-0.994926, 15.82
-0.992706, 15.84
-0.990088, 15.86
-0.987074, 15.88
-0.983665, 15.9
-0.979863, 15.92
-0.975669, 15.94
-0.971085, 15.96
-0.966113, 15.98
-0.960754, 16
-0.955011, 16.02
-0.948886, 16.04
-0.942381, 16.06
-0.9355, 16.08
-0.928244, 16.1
-0.920617, 16.12
-0.912622, 16.14
-0.904262, 16.16
-0.89554, 16.18
-0.88646, 16.2
-0.877026, 16.22
-0.86724, 16.24
-0.857108, 16.26
-0.846633, 16.28
-0.835819, 16.3
-0.824672, 16.32
-0.813194, 16.34
-0.801391, 16.36
-0.789268, 16.38
-0.776828, 16.4
-0.764079, 16.42
-0.751023, 16.44
-0.737668, 16.46
-0.724017, 16.48
-0.710076, 16.5
-0.695852, 16.52
-0.68135, 16.54
-0.666574, 16.56
-0.651533, 16.58
-0.63623, 16.6
-0.620674, 16.62
-0.604869, 16.64
-0.588822, 16.66
-0.572539, 16.68
-0.556028, 16.7
-0.539294, 16.72
-0.522345, 16.74
-0.505187, 16.76
-0.487827, 16.78
-0.470271, 16.8
-0.452528, 16.82
-0.434604, 16.84
-0.416505, 16.86
-0.398241, 16.88
-0.379817, 16.9
-0.361241, 16.92
-0.34252, 16.94
-0.323663, 16.96
-0.304676, 16.98
-0.285567, 17
-0.266344, 17.02
-0.247015, 17.04
-0.227587, 17.06
-0.208067, 17.08
-0.188465, 17.1
-0.168787, 17.12
-0.149042, 17.14
-0.129237, 17.16
-0.10938, 17.18
-0.08948, 17.2
-0.0695438, 17.22
-0.0495798, 17.24
-0.0295961, 17.26
-0.00960043, 17.28
0.010399, 17.3
0.0303943, 17.32
0.0503775, 17.34
0.0703405, 17.36
0.0902754, 17.38
0.110174, 17.4
0.130029, 17.42
0.149832, 17.44
0.169574, 17.46
0.189249, 17.48
0.208849, 17.5
0.228364, 17.52
0.247789, 17.54
0.267114, 17.56
0.286332, 17.58
0.305436, 17.6
0.324418, 17.62
0.34327, 17.64
0.361985, 17.66
0.380555, 17.68
0.398973, 17.7
0.417231, 17.72
0.435322, 17.74
0.45324, 17.76
0.470976, 17.78
0.488523, 17.8
0.505876, 17.82
0.523026, 17.84
0.539966, 17.86
0.556691, 17.88
0.573193, 17.9
0.589466, 17.92
0.605503, 17.94
0.621298, 17.96
0.636844, 17.98
0.652136, 18
0.667167, 18.02
0.681931, 18.04
0.696422, 18.06
0.710635, 18.08
0.724563, 18.1
0.738202, 18.12
0.751546, 18.14
0.764589, 18.16
0.777326, 18.18
0.789753, 18.2
0.801863, 18.22
0.813653, 18.24
0.825117, 18.26
0.836252, 18.28
0.847052, 18.3
0.857513, 18.32
0.867631, 18.34
0.877402, 18.36
0.886822, 18.38
0.895887, 18.4
0.904595, 18.42
0.91294, 18.44
0.92092, 18.46
0.928532, 18.48
0.935773, 18.5
0.942639, 18.52
0.949128, 18.54
0.955238, 18.56
0.960965, 18.58
0.966308, 18.6
0.971265, 18.62
0.975833, 18.64
0.980011, 18.66
0.983797, 18.68
0.98719, 18.7
0.990187, 18.72
0.992789, 18.74
0.994993, 18.76
0.9968, 18.78
0.998208, 18.8
0.999217, 18.82
0.999826, 18.84
1.00004, 18.86
0.999845, 18.88
0.999254, 18.9
0.998264, 18.92
0.996875, 18.94
0.995087, 18.96
0.992901, 18.98
0.990318, 19
0.987338, 19.02
0.983964, 19.04
0.980196, 19.06
0.976037, 19.08
0.971486, 19.1
0.966548, 19.12
0.961222, 19.14
0.955513, 19.16
0.949421, 19.18
0.942949, 19.2
0.9361, 19.22
0.928877, 19.24
0.921282, 19.26
0.913319, 19.28
0.904991, 19.3
0.8963, 19.32
0.887251, 19.34
0.877848, 19.36
0.868093, 19.38
0.857991, 19.4
0.847546, 19.42
0.836762, 19.44
0.825643, 19.46
0.814194, 19.48
0.802419, 19.5
0.790324, 19.52
0.777912, 19.54
0.765189, 19.56
0.75216, 19.58
0.738831, 19.6
0.725206, 19.62
0.71129, 19.64
0.697091, 19.66
0.682612, 19.68
0.667861, 19.7
0.652842, 19.72
0.637563, 19.74
0.622028, 19.76
0.606245, 19.78
0.590219, 19.8
0.573957, 19.82
0.557465, 19.84
0.540751, 19.86
0.52382, 19.88
0.50668, 19.9
0.489337, 19.92
0.471799, 19.94
0.454072, 19.96
0.436163, 19.98
